2.207996789366006851e-03
1.956825703382492065e-02
3.409562259912490845e-02
3.042513690888881683e-02
3.444671258330345154e-02
3.236000612378120422e-02
2.914094924926757812e-02
3.039299324154853821e-02
3.071807324886322021e-02
2.929999306797981262e-02
2.579705230891704559e-02
2.603998593986034393e-02
2.988187037408351898e-02
2.610731124877929688e-02
2.854077145457267761e-02
2.522023394703865051e-02
2.856261096894741058e-02
3.118076547980308533e-02
2.593842707574367523e-02
3.237912058830261230e-02
3.243055194616317749e-02
2.682698890566825867e-02
3.261172398924827576e-02
2.605998329818248749e-02
3.116827644407749176e-02
2.671101503074169159e-02
2.709630504250526428e-02
3.030950762331485748e-02
2.618790417909622192e-02
2.688391506671905518e-02
2.839122340083122253e-02
2.566755563020706177e-02
2.728071063756942749e-02
2.864440716803073883e-02
2.752478048205375671e-02
2.307041920721530914e-02
2.737982943654060364e-02
2.802940085530281067e-02
2.320444025099277496e-02
2.679242379963397980e-02
2.804309874773025513e-02
2.798730134963989258e-02
2.487748675048351288e-02
2.763615548610687256e-02
2.334971167147159576e-02
2.506932057440280914e-02
2.075230516493320465e-02
2.141520753502845764e-02
2.365934662520885468e-02
2.544393762946128845e-02
2.188336290419101715e-02
2.145390026271343231e-02
2.503075823187828064e-02
2.259340323507785797e-02
2.461719512939453125e-02
2.225865051150321960e-02
2.480559609830379486e-02
1.998057402670383453e-02
2.459148690104484558e-02
2.321864850819110870e-02
2.412901632487773895e-02
2.245868928730487823e-02
2.172962576150894165e-02
2.374042011797428131e-02
2.286687865853309631e-02
2.176791615784168243e-02
2.093694917857646942e-02
1.944609545171260834e-02
2.124215103685855865e-02
2.159659937024116516e-02
1.964117586612701416e-02
1.822453364729881287e-02
1.961226947605609894e-02
1.755338907241821289e-02
2.391831576824188232e-02
1.745783723890781403e-02
1.720361039042472839e-02
1.747172139585018158e-02
1.816306263208389282e-02
1.951420865952968597e-02
1.811352558434009552e-02
2.020752429962158203e-02
1.885344833135604858e-02
2.065240405499935150e-02
1.960924826562404633e-02
1.965262927114963531e-02
1.767062023282051086e-02
1.814206130802631378e-02
1.752893440425395966e-02
1.665541343390941620e-02
1.632759161293506622e-02
1.737738586962223053e-02
1.836054772138595581e-02
1.533423550426959991e-02
1.830950379371643066e-02
1.659597083926200867e-02
1.557529531419277191e-02
1.857384108006954193e-02
1.722965203225612640e-02
1.902431063354015350e-02
1.482469402253627777e-02
1.582271046936511993e-02
1.647632010281085968e-02
1.389930024743080139e-02
1.684462279081344604e-02
1.463940739631652832e-02
1.632794179022312164e-02
1.408658362925052643e-02
1.560751348733901978e-02
1.415860652923583984e-02
1.281126495450735092e-02
1.330938469618558884e-02
1.645478978753089905e-02
1.463251747190952301e-02
1.302682235836982727e-02
1.300701871514320374e-02
1.355076953768730164e-02
1.068521756678819656e-02
1.360476110130548477e-02
1.333140023052692413e-02
1.356593240052461624e-02
1.513227820396423340e-02
1.475910283625125885e-02
1.232300885021686554e-02
1.056659966707229614e-02
1.230508368462324142e-02
1.378608588129281998e-02
1.240355987101793289e-02
1.310996804386377335e-02
1.364759914577007294e-02
1.173055637627840042e-02
1.275455579161643982e-02
1.272725220769643784e-02
1.280453708022832870e-02
1.227128040045499802e-02
1.461288053542375565e-02
1.061520911753177643e-02
1.289812568575143814e-02
1.289001200348138809e-02
1.261034887284040451e-02
1.273189205676317215e-02
1.042214315384626389e-02
1.238328497856855392e-02
1.252819877117872238e-02
1.256126724183559418e-02
1.235931646078824997e-02
1.173972245305776596e-02
1.271594502031803131e-02
1.188274286687374115e-02
1.245438493788242340e-02
1.236092299222946167e-02
1.148772612214088440e-02
1.236290670931339264e-02
1.034841313958168030e-02
1.033827569335699081e-02
1.060518529266119003e-02
9.440886788070201874e-03
1.007541641592979431e-02
9.347904473543167114e-03
9.661938995122909546e-03
9.841835126280784607e-03
9.253921918570995331e-03
9.355398826301097870e-03
9.955703280866146088e-03
9.791019372642040253e-03
1.002935692667961121e-02
1.164270378649234772e-02
1.045476086437702179e-02
9.832859039306640625e-03
9.947828948497772217e-03
9.406892582774162292e-03
9.883983992040157318e-03
1.259396225214004517e-02
9.069984778761863708e-03
9.985088370740413666e-03
9.472901932895183563e-03
9.348344057798385620e-03
1.019165292382240295e-02
8.768985047936439514e-03
9.403742849826812744e-03
1.046351529657840729e-02
8.952783420681953430e-03
7.630913984030485153e-03
7.640673313289880753e-03
7.124143186956644058e-03
6.868121679872274399e-03
6.722956895828247070e-03
8.945504203438758850e-03
7.091419305652379990e-03
8.930431678891181946e-03
7.532969117164611816e-03
7.773861289024353027e-03
4.760371055454015732e-03
6.723368074744939804e-03
6.625175010412931442e-03
7.564855273813009262e-03
7.465198636054992676e-03
7.352303713560104370e-03
8.938273414969444275e-03
7.503987755626440048e-03
8.216731250286102295e-03
6.958824582397937775e-03
8.810345083475112915e-03
8.070918731391429901e-03
6.266378331929445267e-03
6.905702408403158188e-03
6.878848187625408173e-03
7.201617583632469177e-03
7.517762947827577591e-03
6.942647509276866913e-03
7.568442728370428085e-03
6.761540193110704422e-03
6.343192420899868011e-03
5.166221875697374344e-03
5.642124451696872711e-03
6.573368795216083527e-03
5.637677852064371109e-03
5.827073007822036743e-03
6.789271719753742218e-03
6.138407625257968903e-03
5.026694387197494507e-03
5.254696123301982880e-03
4.518857691437005997e-03
5.030663218349218369e-03
7.022131700068712234e-03
5.122991744428873062e-03
5.176065955311059952e-03
6.397777702659368515e-03
5.266575608402490616e-03
5.976851563900709152e-03
5.161229986697435379e-03
6.355462130159139633e-03
6.775221787393093109e-03
6.493180524557828903e-03
5.535141099244356155e-03
5.766699090600013733e-03
6.323073059320449829e-03
5.934028420597314835e-03
4.739706870168447495e-03
5.202936939895153046e-03
5.525088403373956680e-03
5.001568235456943512e-03
5.184032488614320755e-03
5.153381265699863434e-03
4.957830999046564102e-03
4.387187305837869644e-03
5.075893830507993698e-03
5.090941675007343292e-03
5.217755213379859924e-03
5.517951678484678268e-03
5.125039257109165192e-03
4.783811513334512711e-03
4.817541223019361496e-03
4.979528021067380905e-03
6.363797932863235474e-03
4.374010488390922546e-03
4.792240913957357407e-03
5.367330275475978851e-03
4.294268321245908737e-03
5.427313502877950668e-03
4.558728076517581940e-03
5.026860162615776062e-03
5.358580499887466431e-03
4.662254825234413147e-03
4.800985567271709442e-03
4.126407206058502197e-03
4.682454280555248260e-03
5.730568896979093552e-03
4.555842373520135880e-03
3.426680574193596840e-03
2.652229042723774910e-03
3.576218383386731148e-03
3.942051902413368225e-03
4.850836936384439468e-03
4.862819798290729523e-03
5.459452047944068909e-03
4.280386492609977722e-03
3.598818555474281311e-03
4.070414695888757706e-03
4.478759132325649261e-03
3.929661586880683899e-03
3.963680937886238098e-03
4.476418253034353256e-03
5.050607956945896149e-03
2.984088379889726639e-03
4.763685632497072220e-03
4.844157025218009949e-03
4.885512404143810272e-03
4.105390515178442001e-03
4.459709394723176956e-03
4.304062575101852417e-03
4.283461719751358032e-03
4.658649675548076630e-03
4.364787600934505463e-03
4.975647665560245514e-03
5.353478249162435532e-03
4.200652707368135452e-03
4.407248459756374359e-03
3.917800262570381165e-03
4.432024434208869934e-03
5.123008508235216141e-03
3.644746029749512672e-03
5.241998471319675446e-03
4.224541131407022476e-03
3.858654992654919624e-03
4.731476772576570511e-03
3.437877865508198738e-03
4.256736487150192261e-03
4.001535940915346146e-03
4.115663003176450729e-03
3.677087835967540741e-03
4.569331649690866470e-03
3.988007549196481705e-03
3.900649258866906166e-03
3.151992568746209145e-03
3.360608126968145370e-03
4.285090602934360504e-03
3.834191476926207542e-03
3.800906939432024956e-03
3.502779407426714897e-03
3.037001704797148705e-03
3.741060383617877960e-03
3.967590164393186569e-03
2.981743775308132172e-03
4.169498570263385773e-03
3.473966382443904877e-03
3.766531357541680336e-03
3.331079380586743355e-03
2.900309627875685692e-03
4.107381682842969894e-03
2.957889111712574959e-03
3.416456980630755424e-03
3.327997634187340736e-03
3.010477172210812569e-03
2.626016736030578613e-03
2.817378379404544830e-03
3.742314875125885010e-03
2.818425185978412628e-03
3.456251230090856552e-03
4.724521655589342117e-03
4.046327434480190277e-03
3.606108017265796661e-03
3.374805673956871033e-03
4.194211214780807495e-03
3.391794627532362938e-03
4.361810628324747086e-03
3.730358090251684189e-03
4.199892748147249222e-03
3.440218046307563782e-03
3.580923425033688545e-03
3.626540536060929298e-03
3.664881922304630280e-03
4.072155337780714035e-03
3.150378121063113213e-03
3.623371012508869171e-03
3.218403551727533340e-03
3.601538948714733124e-03
3.746370784938335419e-03
3.624500008299946785e-03
3.624615725129842758e-03
3.083252115175127983e-03
2.329031936824321747e-03
2.831651596352458000e-03
3.645399818196892738e-03
3.138093044981360435e-03
3.301903605461120605e-03
3.432564437389373779e-03
3.412207355722784996e-03
3.863555379211902618e-03
2.883642911911010742e-03
3.604004392400383949e-03
3.351808292791247368e-03
2.996918046846985817e-03
3.160125575959682465e-03
3.870983375236392021e-03
3.738655475899577141e-03
3.451028838753700256e-03
3.713970538228750229e-03
3.611282911151647568e-03
4.062969703227281570e-03
3.574799280613660812e-03
2.661023754626512527e-03
3.564490936696529388e-03
3.311260836198925972e-03
4.328800365328788757e-03
4.726309329271316528e-03
5.246007815003395081e-03
5.314422771334648132e-03
4.678021185100078583e-03
3.745768684893846512e-03
4.445364698767662048e-03
4.290739074349403381e-03
3.956651315093040466e-03
3.282967256382107735e-03
3.326743608340620995e-03
3.141898429021239281e-03
2.636470831930637360e-03
3.400495043024420738e-03
2.869648626074194908e-03
2.973107621073722839e-03
2.852176083251833916e-03
3.852918976917862892e-03
2.996170427650213242e-03
3.717408748343586922e-03
3.110601333901286125e-03
3.012800123542547226e-03
3.253725124523043633e-03
3.520604688674211502e-03
4.327354952692985535e-03
3.907409030944108963e-03
4.167282488197088242e-03
2.896171528846025467e-03
3.215000731870532036e-03
3.643854521214962006e-03
2.683469327166676521e-03
3.413547761738300323e-03
3.538398072123527527e-03
3.343934426084160805e-03
3.111016238108277321e-03
3.151529934257268906e-03
4.118350334465503693e-03
3.456861712038516998e-03
3.650689031928777695e-03
3.145223483443260193e-03
2.833733335137367249e-03
3.711017780005931854e-03
2.657116856426000595e-03
2.927140099927783012e-03
3.438120707869529724e-03
3.324979450553655624e-03
3.701388835906982422e-03
3.534813411533832550e-03
3.560627810657024384e-03
3.609359962865710258e-03
3.973929211497306824e-03
3.375759348273277283e-03
3.745517227798700333e-03
3.542161313816905022e-03
3.963883500546216965e-03
4.052259493619203568e-03
3.777951933443546295e-03
3.467775881290435791e-03
3.686276264488697052e-03
3.602983895689249039e-03
2.464166842401027679e-03
3.013505833223462105e-03
2.745912643149495125e-03
2.333221724256873131e-03
2.373494673520326614e-03
2.864441834390163422e-03
3.174575045704841614e-03
3.523036837577819824e-03
2.410165732726454735e-03
3.201954998075962067e-03
2.880888525396585464e-03
3.026421880349516869e-03
2.400560770183801651e-03
3.270098241046071053e-03
3.418162465095520020e-03
2.340053441002964973e-03
2.982830395922064781e-03
2.780385548248887062e-03
2.977174008265137672e-03
2.986281411722302437e-03
2.274816390126943588e-03
2.822803566232323647e-03
2.738415496423840523e-03
3.249522997066378593e-03
2.826173556968569756e-03
2.795000560581684113e-03
2.226094948127865791e-03
2.178258495405316353e-03
2.289951546117663383e-03
3.275933209806680679e-03
3.123502945527434349e-03
2.581965876743197441e-03
2.889698836952447891e-03
3.060172777622938156e-03
2.763081807643175125e-03
2.428642474114894867e-03
2.912280149757862091e-03
3.082376206293702126e-03
2.969062421470880508e-03
2.841148758307099342e-03
2.419552067294716835e-03
2.371559850871562958e-03
2.918114420026540756e-03
2.975068287923932076e-03
2.476392081007361412e-03
2.238585148006677628e-03
2.298632869496941566e-03
1.853449502959847450e-03
2.551206853240728378e-03
2.105710562318563461e-03
1.920720213092863560e-03
2.093244809657335281e-03
1.839159987866878510e-03
2.143218182027339935e-03
2.321349922567605972e-03
1.915664877742528915e-03
1.877589034847915173e-03
2.602246589958667755e-03
2.253521932289004326e-03
2.044513821601867676e-03
2.020486164838075638e-03
1.957949018105864525e-03
1.885147881694138050e-03
3.362044924870133400e-03
2.886127913370728493e-03
3.533496288582682610e-03
2.630085684359073639e-03
3.124848939478397369e-03
2.736526774242520332e-03
2.698962343856692314e-03
2.891182666644454002e-03
2.680723089724779129e-03
2.333293668925762177e-03
2.465769182890653610e-03
2.527123084291815758e-03
3.228400135412812233e-03
2.825320931151509285e-03
2.392795635387301445e-03
2.129967557266354561e-03
1.603698707185685635e-03
1.693052705377340317e-03
1.370368758216500282e-03
1.656961627304553986e-03
2.202982548624277115e-03
1.985294278711080551e-03
2.237600740045309067e-03
2.582644112408161163e-03
2.135452348738908768e-03
2.565091941505670547e-03
2.049596514552831650e-03
2.290559932589530945e-03
2.348492154851555824e-03
2.146751852706074715e-03
2.407389925792813301e-03
2.533412305638194084e-03
1.996371662244200706e-03
2.927350113168358803e-03
2.624805318191647530e-03
2.216107910498976707e-03
2.421257086098194122e-03
2.340039238333702087e-03
2.135605784133076668e-03
2.349205082282423973e-03
2.346966182813048363e-03
1.927104545757174492e-03
1.902351505123078823e-03
1.878162147477269173e-03
1.950578996911644936e-03
2.303368877619504929e-03
1.931754755787551403e-03
1.687976880930364132e-03
1.580105279572308064e-03
1.930875005200505257e-03
1.837640651501715183e-03
2.143546007573604584e-03
2.357686636969447136e-03
1.844939310103654861e-03
2.472753170877695084e-03
1.900636008940637112e-03
1.708335825242102146e-03
1.975822495296597481e-03
1.602785312570631504e-03
1.564739388413727283e-03
2.361887134611606598e-03
1.799315912649035454e-03
2.316779689863324165e-03
2.423692727461457253e-03
1.832437817938625813e-03
2.106715459376573563e-03
2.411089139059185982e-03
2.272234531119465828e-03
2.405040897428989410e-03
1.912346342578530312e-03
2.759198658168315887e-03
2.026764210313558578e-03
1.412478508427739143e-03
1.668085809797048569e-03
1.924176933243870735e-03
2.367405919358134270e-03
2.170237246900796890e-03
2.351634437218308449e-03
2.306406851857900620e-03
1.983198570087552071e-03
1.939269248396158218e-03
1.850719098001718521e-03
1.233322895132005215e-03
1.365331467241048813e-03
1.801067148335278034e-03
1.755976816639304161e-03
2.089179819449782372e-03
1.915071159601211548e-03
1.894583110697567463e-03
1.594492699950933456e-03
1.811577356420457363e-03
2.393487840890884399e-03
1.860712771303951740e-03
1.840110751800239086e-03
1.565021229907870293e-03
1.469874638132750988e-03
1.953752478584647179e-03
1.923218253068625927e-03
1.927510485984385014e-03
2.016298705711960793e-03
1.798495533876121044e-03
2.130913781002163887e-03
1.869381521828472614e-03
1.770623377524316311e-03
1.695115584880113602e-03
1.889411010779440403e-03
1.790716079995036125e-03
1.823978382162749767e-03
1.518313423730432987e-03
1.444094348698854446e-03
1.302479649893939495e-03
1.553834998048841953e-03
1.833095564506947994e-03
1.434425823390483856e-03
1.654127263464033604e-03
1.980263972654938698e-03
1.984822563827037811e-03
1.591430278494954109e-03
1.996169099584221840e-03
1.604624791070818901e-03
1.531712128780782223e-03
1.443827641196548939e-03
1.790900249034166336e-03
2.070934278890490532e-03
2.360444981604814529e-03
1.804952044039964676e-03
2.486189128831028938e-03
1.903145457617938519e-03
2.265535527840256691e-03
2.112747635692358017e-03
2.216552384197711945e-03
2.425723243504762650e-03
2.217289991676807404e-03
2.281740307807922363e-03
2.343394560739398003e-03
2.086930908262729645e-03
1.871119020506739616e-03
2.248520497232675552e-03
1.629166654311120510e-03
2.324026543647050858e-03
2.833437407389283180e-03
2.825061092153191566e-03
2.542734378948807716e-03
2.295043552294373512e-03
2.166079357266426086e-03
2.628854243084788322e-03
2.450716448947787285e-03
2.159059280529618263e-03
2.065077191218733788e-03
2.342420164495706558e-03
2.630611415952444077e-03
2.014667494222521782e-03
1.837902120314538479e-03
1.818276359699666500e-03
2.052292460575699806e-03
2.536159474402666092e-03
1.897327951155602932e-03
1.814755378291010857e-03
1.887586084194481373e-03
1.720234751701354980e-03
1.840259297750890255e-03
2.163219964131712914e-03
1.879833987914025784e-03
1.924715237691998482e-03
1.864966587163507938e-03
2.251882804557681084e-03
2.116952324286103249e-03
2.221816452220082283e-03
1.816997188143432140e-03
2.015498466789722443e-03
2.154070651158690453e-03
1.961964415386319160e-03
2.222247654572129250e-03
1.599779119715094566e-03
2.173901302739977837e-03
1.848665880970656872e-03
2.305480884388089180e-03
2.050603972747921944e-03
2.225496806204319000e-03
1.823889557272195816e-03
1.469806302338838577e-03
1.527006621472537518e-03
2.015559468418359756e-03
2.174606546759605408e-03
2.216167980805039406e-03
1.849614665843546391e-03
1.772612333297729492e-03
2.068995730951428413e-03
1.752106007188558578e-03
1.926409895531833172e-03
1.910669263452291489e-03
2.041926374658942223e-03
1.838257652707397938e-03
1.544990343973040581e-03
1.595799578353762627e-03
1.456226571463048458e-03
1.977890729904174805e-03
1.781208673492074013e-03
2.042826497927308083e-03
1.606778241693973541e-03
1.964415423572063446e-03
2.125802449882030487e-03
2.220430877059698105e-03
2.107426756992936134e-03
2.103059086948633194e-03
2.196506364271044731e-03
1.282848767004907131e-03
1.301501295529305935e-03
1.047115889377892017e-03
1.244328217580914497e-03
9.550430113449692726e-04
1.279510441236197948e-03
1.473336829803884029e-03
1.610464649274945259e-03
1.563513767905533314e-03
1.898890826851129532e-03
1.995055703446269035e-03
1.961854286491870880e-03
1.648248638957738876e-03
1.866235281340777874e-03
1.559856696985661983e-03
1.429633935913443565e-03
2.013173187151551247e-03
1.770403585396707058e-03
1.689033699221909046e-03
1.573363435454666615e-03
1.496505457907915115e-03
1.949789701029658318e-03
2.101671183481812477e-03
1.569283660501241684e-03
1.858043251559138298e-03
1.869209227152168751e-03
1.944942050613462925e-03
1.989686163142323494e-03
1.926349825225770473e-03
2.151911146938800812e-03
1.883574761450290680e-03
1.881261821836233139e-03
2.052629832178354263e-03
1.680920599028468132e-03
2.197979018092155457e-03
1.825106795877218246e-03
1.848743064329028130e-03
2.280028304085135460e-03
1.752486336044967175e-03
2.406709594652056694e-03
1.881763688288629055e-03
1.634119311347603798e-03
1.043664873577654362e-03
1.775755081325769424e-03
1.723646069876849651e-03
1.675534876994788647e-03
1.621089875698089600e-03
1.599571551196277142e-03
2.187018282711505890e-03
1.698482781648635864e-03
1.685916911810636520e-03
1.897046808153390884e-03
1.533026341348886490e-03
1.246104016900062561e-03
1.270567881874740124e-03
1.191780436784029007e-03
1.729919807985424995e-03
1.202793908305466175e-03
1.126850023865699768e-03
1.775591168552637100e-03
1.454268582165241241e-03
1.573587767779827118e-03
1.509228488430380821e-03
1.711210352368652821e-03
1.640076749026775360e-03
2.136045135557651520e-03
1.443357206881046295e-03
1.612858148291707039e-03
1.666808733716607094e-03
1.364588388241827488e-03
1.361311995424330235e-03
1.693175756372511387e-03
1.894772402010858059e-03
1.730463933199644089e-03
1.571553759276866913e-03
1.761932973749935627e-03
1.621424104087054729e-03
2.545522991567850113e-03
2.024585148319602013e-03
1.515514799393713474e-03
1.072667422704398632e-03
1.269089407287538052e-03
1.469798735342919827e-03
9.346350561827421188e-04
1.625309698283672333e-03
1.559161231853067875e-03
1.942470786161720753e-03
1.773645170032978058e-03
1.875230576843023300e-03
1.746652415022253990e-03
2.051948569715023041e-03
1.806407817639410496e-03
1.359062385745346546e-03
1.354449661448597908e-03
1.979181077331304550e-03
1.622894662432372570e-03
1.919811242260038853e-03
1.152636948972940445e-03
1.034131739288568497e-03
1.137622748501598835e-03
1.319871284067630768e-03
9.289144072681665421e-04
1.460353145375847816e-03
1.689948025159537792e-03
1.276805414818227291e-03
1.209827605634927750e-03
1.360940630547702312e-03
1.093012979254126549e-03
1.669864519499242306e-03
1.524751540273427963e-03
1.226558117195963860e-03
1.153398654423654079e-03
1.397708780132234097e-03
1.689846510998904705e-03
1.592455315403640270e-03
1.774228760041296482e-03
1.621696515940129757e-03
1.540202298201620579e-03
1.356731168925762177e-03
1.486214110627770424e-03
1.289566280320286751e-03
1.986783929169178009e-03
1.511496724560856819e-03
1.474651857279241085e-03
1.777645898982882500e-03
1.868606777861714363e-03
1.618862268514931202e-03
1.645890763029456139e-03
1.012411550618708134e-03
1.039355993270874023e-03
1.116003608331084251e-03
1.368865952827036381e-03
1.407432253472507000e-03
1.406415132805705070e-03
1.535040093585848808e-03
1.590196159668266773e-03
1.520870602689683437e-03
1.302599557675421238e-03
1.505553023889660835e-03
1.661357702687382698e-03
1.684763468801975250e-03
1.365888514555990696e-03
1.553406124003231525e-03
1.743589644320309162e-03
1.970706740394234657e-03
2.007399685680866241e-03
1.921638147905468941e-03
1.636255648918449879e-03
1.704829512163996696e-03
1.310033956542611122e-03
1.376459258608520031e-03
1.015587244182825089e-03
1.086708856746554375e-03
1.050646882504224777e-03
1.100103603675961494e-03
1.426238566637039185e-03
1.843506935983896255e-03
1.366508193314075470e-03
1.808586297556757927e-03
1.740995445288717747e-03
2.005866961553692818e-03
1.783533487468957901e-03
2.025058027356863022e-03
1.993302023038268089e-03
2.123851096257567406e-03
1.982632325962185860e-03
1.480068895034492016e-03
1.744070323184132576e-03
2.152111148461699486e-03
1.905383891426026821e-03
1.497089280746877193e-03
1.574618509039282799e-03
1.627997495234012604e-03
1.918960828334093094e-03
2.198206027969717979e-03
2.270030323415994644e-03
2.363791922107338905e-03
1.865883939899504185e-03
1.480552600696682930e-03
1.692106248810887337e-03
2.183727920055389404e-03
2.109892433509230614e-03
2.670226618647575378e-03
2.677473705261945724e-03
2.053503645583987236e-03
1.964511582627892494e-03
2.220393856987357140e-03
1.729748095385730267e-03
1.990874996408820152e-03
1.814112765714526176e-03
1.318066846579313278e-03
1.179269514977931976e-03
1.029537990689277649e-03
1.170749310404062271e-03
1.179802697151899338e-03
1.104351016692817211e-03
1.575125148519873619e-03
1.145632821135222912e-03
2.128365682438015938e-03
1.341738970950245857e-03
1.710198703221976757e-03
1.468756934627890587e-03
1.891800668090581894e-03
1.337155583314597607e-03
1.324085402302443981e-03
1.588130020536482334e-03
1.328908372670412064e-03
1.639729249291121960e-03
1.647492987103760242e-03
1.500853919424116611e-03
1.494425581768155098e-03
1.421767869032919407e-03
1.676912652328610420e-03
1.632498926483094692e-03
1.642326591536402702e-03
1.417936058714985847e-03
1.507246983237564564e-03
1.588635728694498539e-03
1.581881311722099781e-03
1.691282959654927254e-03
1.056513981893658638e-03
1.457307953387498856e-03
1.288441242650151253e-03
1.272281981073319912e-03
1.332987565547227859e-03
1.551683642901480198e-03
1.273736474104225636e-03
1.099011977203190327e-03
1.220832811668515205e-03
1.442550215870141983e-03
1.378582092002034187e-03
1.645521260797977448e-03
2.010650001466274261e-03
1.439115963876247406e-03
1.804474857635796070e-03
1.532764872536063194e-03
1.647620345465838909e-03
1.037591719068586826e-03
9.524252382107079029e-04
1.431159558705985546e-03
1.170727889984846115e-03
1.323440228588879108e-03
1.493573654443025589e-03
1.461095642298460007e-03
1.249712309800088406e-03
1.265510334633290768e-03
1.453036908060312271e-03
1.286585466004908085e-03
1.309501123614609241e-03
1.344477641396224499e-03
1.061328803189098835e-03
1.395566505379974842e-03
9.936805581673979759e-04
1.079200068488717079e-03
7.950962171889841557e-04
1.162522472441196442e-03
1.167652430012822151e-03
1.472679083235561848e-03
7.119306828826665878e-04
3.611633146647363901e-04
5.871680914424359798e-04
1.372921746224164963e-03
1.075039384886622429e-03
1.023511984385550022e-03
9.926779894158244133e-04
9.236644837073981762e-04
8.310934645123779774e-04
8.552100043743848801e-04
9.415348758921027184e-04
7.991564343683421612e-04
7.361222524195909500e-04
1.463957247324287891e-03
1.389560406096279621e-03
1.318572321906685829e-03
1.177967060357332230e-03
1.265143277123570442e-03
1.632914296351373196e-03
1.334967440925538540e-03
1.141616143286228180e-03
1.827407046221196651e-03
1.533316681161522865e-03
1.336188754066824913e-03
1.489303540438413620e-03
1.411707256920635700e-03
1.298770657740533352e-03
2.123657846823334694e-03
1.818877179175615311e-03
1.976388739421963692e-03
1.560706063173711300e-03
1.714511192403733730e-03
1.444083056412637234e-03
1.580911688506603241e-03
1.127600204199552536e-03
8.662742329761385918e-04
9.024859755299985409e-04
6.826625904068350792e-04
5.270892870612442493e-04
6.636400357820093632e-04
8.457822259515523911e-04
5.393522442318499088e-04
6.603582296520471573e-04
1.387486467137932777e-03
1.314483000896871090e-03
1.841153251007199287e-03
1.372959464788436890e-03
1.672739279456436634e-03
1.319526229053735733e-03
1.488470472395420074e-03
1.266838167794048786e-03
1.275299931876361370e-03
1.454311655834317207e-03
1.204577740281820297e-03
1.805129926651716232e-03
1.346696168184280396e-03
1.257969532161951065e-03
1.222008490003645420e-03
1.121903304010629654e-03
9.867866756394505501e-04
6.117062293924391270e-04
1.112996134907007217e-03
8.660668972879648209e-04
4.407842061482369900e-04
6.045382469892501831e-04
8.119444828480482101e-04
9.632341098040342331e-04
1.151469652540981770e-03
9.552476694807410240e-04
1.422162633389234543e-03
1.744731795042753220e-03
1.805996289476752281e-03
1.806387910619378090e-03
1.789283473044633865e-03
1.917620189487934113e-03
1.642593182623386383e-03
1.726165064610540867e-03
1.370216254144906998e-03
1.016460708342492580e-03
1.145017333328723907e-03
1.365689211525022984e-03
1.099976827390491962e-03
1.121890731155872345e-03
1.392026664689183235e-03
1.334066851995885372e-03
1.308363978751003742e-03
1.553679350763559341e-03
1.471067313104867935e-03
1.359904534183442593e-03
1.612481428310275078e-03
1.850349013693630695e-03
1.857736962847411633e-03
1.966628711670637131e-03
1.519910409115254879e-03
1.661463524214923382e-03
1.903431257233023643e-03
1.168287824839353561e-03
1.266510924324393272e-03
9.675087640061974525e-04
9.518553852103650570e-04
1.169804949313402176e-03
1.194622484035789967e-03
1.162458327598869801e-03
1.136749866418540478e-03
1.095454092137515545e-03
1.145905349403619766e-03
1.038230373524129391e-03
1.293723704293370247e-03
1.181535888463258743e-03
1.395616214722394943e-03
1.180387800559401512e-03
1.819894183427095413e-03
1.554082380607724190e-03
1.624786527827382088e-03
1.665075891651213169e-03
1.410998404026031494e-03
1.379807479679584503e-03
1.358431996777653694e-03
1.370219979435205460e-03
1.730587799102067947e-03
1.687244046479463577e-03
1.430513570085167885e-03
1.319967792369425297e-03
1.161590917035937309e-03
1.271107816137373447e-03
1.147901406511664391e-03
8.490423206239938736e-04
8.421344100497663021e-04
7.587195141240954399e-04
9.786343434825539589e-04
1.050372142344713211e-03
1.377602922730147839e-03
1.092435442842543125e-03
8.855672786012291908e-04
1.073092105798423290e-03
9.098225855268537998e-04
1.379323657602071762e-03
8.437616634182631969e-04
9.445482282899320126e-04
1.064942218363285065e-03
1.171292271465063095e-03
1.425083610229194164e-03
1.177050638943910599e-03
1.129586133174598217e-03
9.775187354534864426e-04
1.060444978065788746e-03
1.383120310492813587e-03
1.090470002964138985e-03
1.278601121157407761e-03
1.092736609280109406e-03
1.062436960637569427e-03
8.517917012795805931e-04
8.215673151426017284e-04
5.768720293417572975e-04
6.043366738595068455e-04
8.500448893755674362e-04
8.915630169212818146e-04
9.402566938661038876e-04
9.320644312538206577e-04
1.016073394566774368e-03
7.253747317008674145e-04
5.551418289542198181e-04
7.193257915787398815e-04
1.142497989349067211e-03
7.430443074554204941e-04
9.305728017352521420e-04
8.025488932617008686e-04
1.002589007839560509e-03
1.209068810567259789e-03
1.278054318390786648e-03
9.674102766439318657e-04
7.985419942997395992e-04
7.910379208624362946e-04
1.305701560340821743e-03
1.109198783524334431e-03
1.175362733192741871e-03
1.167592359706759453e-03
1.215563621371984482e-03
1.066324999555945396e-03
1.261807279661297798e-03
1.133382087573409081e-03
1.148065552115440369e-03
7.637043017894029617e-04
8.079861872829496861e-04
9.949983796104788780e-04
1.000742195174098015e-03
8.102935389615595341e-04
8.616256527602672577e-04
9.281900711357593536e-04
7.158199441619217396e-04
7.606571307405829430e-04
7.909380365163087845e-04
7.624448044225573540e-04
8.468984160572290421e-04
9.988662786781787872e-04
1.343604060821235180e-03
1.518546836450695992e-03
1.169858616776764393e-03
9.141197078861296177e-04
8.814502507448196411e-04
7.992940954864025116e-04
8.051216718740761280e-04
6.160932243801653385e-04
7.329810177907347679e-04
6.329843890853226185e-04
7.336174603551626205e-04
6.356888334266841412e-04
5.099671543575823307e-04
5.127841141074895859e-04
4.637706151697784662e-04
4.008848336525261402e-04
1.051918603479862213e-03
1.176846213638782501e-03
9.572248673066496849e-04
5.749054253101348877e-04
6.005341419950127602e-04
5.022322875447571278e-04
8.298269822262227535e-04
8.200142765417695045e-04
7.974028703756630421e-04
8.191015804186463356e-04
1.056225970387458801e-03
1.116848085075616837e-03
1.120379776693880558e-03
1.016658148728311062e-03
1.104265800677239895e-03
9.346135193482041359e-04
8.956677629612386227e-04
7.725936011411249638e-04
4.019199986942112446e-04
8.076262311078608036e-04
9.309424203820526600e-04
8.153664530254900455e-04
1.046619610860943794e-03
1.014970242977142334e-03
1.071939477697014809e-03
1.282035605981945992e-03
9.463049354963004589e-04
8.080565021373331547e-04
5.742204957641661167e-04
6.332746124826371670e-04
6.633678567595779896e-04
4.887890536338090897e-04
5.405918927863240242e-04
1.115286257117986679e-03
7.772009703330695629e-04
1.050260500051081181e-03
8.775283931754529476e-04
9.131580009125173092e-04
1.056785928085446358e-03
1.031655818223953247e-03
1.154237892478704453e-03
1.395243685692548752e-03
1.052259816788136959e-03
1.080989721231162548e-03
1.005518832243978977e-03
8.305534138344228268e-04
7.235990487970411777e-04
7.796849240548908710e-04
7.560962694697082043e-04
5.645177443511784077e-04
6.305399001576006413e-04
5.477579543367028236e-04
5.108470213599503040e-04
4.707024199888110161e-04
4.966281121596693993e-04
4.089184803888201714e-04
4.500575305428355932e-04
3.640312934294342995e-04
3.469385264907032251e-04
4.053919692523777485e-04
3.489447699394077063e-04
2.508382312953472137e-04
3.669305879157036543e-04
3.354623040650039911e-04
2.894990902859717607e-04
2.674858551472425461e-04
2.710992412175983191e-04
3.726186987478286028e-04
2.874641213566064835e-04
3.256667405366897583e-04
3.446901682764291763e-04
3.624783421400934458e-04
3.262723330408334732e-04
2.919935213867574930e-04
3.381714923307299614e-04
3.166352980770170689e-04
2.776103501673787832e-04
2.537302207201719284e-04
2.973150112666189671e-04
2.515500236768275499e-04
2.136183466063812375e-04
1.895966706797480583e-04
1.480444479966536164e-04
2.266033407067880034e-04
1.746428315527737141e-04
1.840451877797022462e-04
1.807295921025797725e-04
1.547888241475448012e-04
1.512362505309283733e-04
1.667916949372738600e-04
2.103623119182884693e-04
1.890271669253706932e-04
1.659453409956768155e-04
1.689515629550442100e-04
1.734560792101547122e-04
2.435022470308467746e-04
3.682594397105276585e-04
1.393049169564619660e-04
1.126076385844498873e-04
1.725683105178177357e-04
1.738280116114765406e-04
2.733631699811667204e-04
2.997624105773866177e-04
1.229767221957445145e-04
1.846990344347432256e-04
2.190507220802828670e-04
1.656015519984066486e-04
1.249332126462832093e-04
1.571915490785613656e-04
1.771951065165922046e-04
1.801822509150952101e-04
1.654070656513795257e-04
1.626308658160269260e-04
1.207063251058571041e-04
2.111641806550323963e-04
2.145777398254722357e-04
2.117607509717345238e-04
1.837245217757299542e-04
2.211063401773571968e-04
1.287168706767261028e-04
1.540689263492822647e-04
1.277671399293467402e-04
1.359282759949564934e-04
1.607880403753370047e-04
1.458658953197300434e-04
1.625313016120344400e-04
1.564405538374558091e-04
1.949722645804286003e-04
1.441620988771319389e-04
1.020927520585246384e-04
1.173271957668475807e-04
9.334817877970635891e-05
1.853063004091382027e-04
1.708062045508995652e-04
1.120770757552236319e-04
1.235420349985361099e-04
8.667153451824560761e-05
9.821953426580876112e-05
1.587541628396138549e-04
3.002040029969066381e-04
1.448863331461325288e-04
1.773205585777759552e-04
1.637798850424587727e-04
1.124782793340273201e-04
2.420851815259084105e-04
2.215456188423559070e-04
1.824219507398083806e-04
1.906548277474939823e-04
1.467130641685798764e-04
1.990815071621909738e-04
2.012335316976532340e-04
1.259102136828005314e-04
1.829464163165539503e-04
4.113227187190204859e-04
3.289064043201506138e-04
3.316494694445282221e-04
1.895468885777518153e-04
2.573105448391288519e-04
2.334760065423324704e-04
1.620335824554786086e-04
1.519574580015614629e-04
1.509808062110096216e-04
1.589477033121511340e-04
1.880902273114770651e-04
1.886774989543482661e-04
1.217272802023217082e-04
1.519109646324068308e-04
1.193466232507489622e-04
1.321287709288299084e-04
1.642167771933600307e-04
1.954611361725255847e-04
1.544860715512186289e-04
1.291051012231037021e-04
1.292317901970818639e-04
1.323304459219798446e-04
1.655908999964594841e-04
1.069092031684704125e-04
1.164882924058474600e-04
8.042406261665746570e-05
7.670850754948332906e-05
9.057565330294892192e-05
9.551824041409417987e-05
8.218854782171547413e-05
1.462917862227186561e-04
9.958308510249480605e-05
1.358418085146695375e-04
1.154503042926080525e-04
1.242988801095634699e-04
1.464663655497133732e-04
8.342859655385836959e-05
1.198914251290261745e-04
1.309624058194458485e-04
9.058800787897780538e-05
1.649684854783117771e-04
1.197102392325177789e-04
7.357333379331976175e-05
1.358693843940272927e-04
1.129976590164005756e-04
1.335013075731694698e-04
1.075750697054900229e-04
1.231405476573854685e-04
1.994443155126646161e-04
1.041946306941099465e-04
1.343209150945767760e-04
9.990360558731481433e-05
1.299920986639335752e-04
8.614022954134270549e-05
1.169742754427716136e-04
1.003101569949649274e-04
8.377300400752574205e-05
8.427434659097343683e-05
8.905781578505411744e-05
9.726329881232231855e-05
1.590786559972912073e-04
1.157069491455331445e-04
8.078472455963492393e-05
1.009941188385710120e-04
1.448988041374832392e-04
8.956770761869847775e-05
1.098251450457610190e-04
8.675229764776304364e-05
1.099431174225173891e-04
1.590826723258942366e-04
9.423380106454715133e-05
9.529324597679078579e-05
2.198841102654114366e-04
8.946839079726487398e-05
1.156202342826873064e-04
1.122009125538170338e-04
1.670604688115417957e-04
1.158333034254610538e-04
1.876380702015012503e-04
2.010296157095581293e-04
1.755449047777801752e-04
1.077410561265423894e-04
1.566953578731045127e-04
2.139654825441539288e-04
1.343954791082069278e-04
2.168454666389152408e-04
1.593615743331611156e-04
1.697671978035941720e-04
1.766730420058593154e-04
1.577399816596880555e-04
1.367617223877459764e-04
1.396475854562595487e-04
1.475996250519528985e-04
8.598120621172711253e-05
1.250991917913779616e-04
8.123133011395111680e-05
8.331571007147431374e-05
8.438115037279203534e-05
8.673327101860195398e-05
1.036977773765102029e-04
1.051599683705717325e-04
1.045175013132393360e-04
9.954690904123708606e-05
8.598252316005527973e-05
9.805199078982695937e-05
1.074546744348481297e-04
1.015364032355137169e-04
8.809512655716389418e-05
1.329602819168940187e-04
1.417817256879061460e-04
1.033665976137854159e-04
7.340827869484201074e-05
1.030138955684378743e-04
8.940430416259914637e-05
7.357267895713448524e-05
9.420886635780334473e-05
1.084658797481097281e-04
9.296312782680615783e-05
8.222582982853055000e-05
1.685558090684935451e-04
3.543827042449265718e-04
1.603902637725695968e-04
8.169032662408426404e-05
1.264722377527505159e-04
1.095271290978416800e-04
9.225785470334812999e-05
6.160660996101796627e-05
1.711656223051249981e-04
1.232731592608615756e-04
7.486204412998631597e-05
9.165096707874909043e-05
1.114236001740209758e-04
1.104922775994054973e-04
8.691181574249640107e-05
1.202502753585577011e-04
9.903554018819704652e-05
7.207225280581042171e-05
1.516126212663948536e-04
1.134523772634565830e-04
1.283628080273047090e-04
8.979378617368638515e-05
6.385933374986052513e-05
6.124587525846436620e-05
2.143976162187755108e-04
1.402802008669823408e-04
1.856885064626112580e-04
1.900710776681080461e-04
1.277707924600690603e-04
2.553490921854972839e-04
1.452284777769818902e-04
1.625749864615499973e-04
9.905445040203630924e-05
1.387859374517574906e-04
1.327045902144163847e-04
8.797503687674179673e-05
1.288668863708153367e-04
1.175795623566955328e-04
1.457081671105697751e-04
1.146492359112016857e-04
9.512529504718258977e-05
8.973965304903686047e-05
8.131619688356295228e-05
6.767029844922944903e-05
4.713526141131296754e-05
8.230006642406806350e-05
1.182837295345962048e-04
9.831714123720303178e-05
9.025413601193577051e-05
7.606717554153874516e-05
7.470630225725471973e-05
9.265533299185335636e-05
7.898396870587021112e-05
8.928066381486132741e-05
7.508909038733690977e-05
7.202217966550961137e-05
9.743459668243303895e-05
7.910883141448721290e-05
8.658260048832744360e-05
2.492923231329768896e-04
2.046111185336485505e-04
2.064581931335851550e-04
1.705475879134610295e-04
1.114062397391535342e-04
9.188397962134331465e-05
1.025290330289863050e-04
1.380630274070426822e-04
1.176686928374692798e-04
1.081048976629972458e-04
6.683291576337069273e-05
6.068340371712110937e-05
8.853178587742149830e-05
1.081449227058328688e-04
9.311439498560503125e-05
6.290403689490631223e-05
8.731566049391403794e-05
1.073325256584212184e-04
9.054636757355183363e-05
1.279368007089942694e-04
6.542517076013609767e-05
9.956719441106542945e-05
9.596408926881849766e-05
1.009299448924139142e-04
7.222023123176768422e-05
1.115294580813497305e-04
8.800491923466324806e-05
8.137887925840914249e-05
1.175927245640195906e-04
6.050195588613860309e-05
5.401771340984851122e-05
7.230138726299628615e-05
6.240975926630198956e-05
1.252836518688127398e-04
4.996899588149972260e-05
1.031078500091098249e-04
8.400042861467227340e-05
7.927722617750987411e-05
7.788099173922091722e-05
9.066314669325947762e-05
5.674669228028506041e-05
1.038469854393042624e-04
8.978980622487142682e-05
9.319910168414935470e-05
9.987516386900097132e-05
9.465769835514947772e-05
7.651594933122396469e-05
8.867291035130620003e-05
7.319343421841040254e-05
8.227767102653160691e-05
1.176091827801428735e-04
6.449842476285994053e-05
1.210356567753478885e-04
3.305929421912878752e-04
2.922739950008690357e-04
2.278157917317003012e-04
2.278625761391595006e-04
1.139753439929336309e-04
8.705505752004683018e-05
7.117788481991738081e-05
7.735137478448450565e-05
7.567192369606345892e-05
5.287185194902122021e-05
5.059616523794829845e-05
7.670232298551127315e-05
5.174677062314003706e-05
5.542447615880519152e-05
5.949812839389778674e-05
5.547181353904306889e-05
9.207877155859023333e-05
6.640677020186558366e-05
8.031642209971323609e-05
7.464067311957478523e-05
1.067465418600477278e-04
7.962092786328867078e-05
9.360416152048856020e-05
8.593345410190522671e-05
7.652298518223688006e-05
8.278472523670643568e-05
3.429371281526982784e-05
6.789796316297724843e-05
8.242724288720637560e-05
1.190912662423215806e-04
1.811860274756327271e-04
1.626986049814149737e-04
2.012752229347825050e-04
1.490137219661846757e-04
2.159738796763122082e-04
1.819290628191083670e-04
1.864205114543437958e-04
1.896935282275080681e-04
1.685520983301103115e-04
1.839310862123966217e-04
1.728678907966241241e-04
2.055278746411204338e-04
1.371592516079545021e-04
1.419684995198622346e-04
9.983867494156584144e-05
9.478907304583117366e-05
1.119196967920288444e-04
1.166665897471830249e-04
1.425244408892467618e-04
8.049041935009881854e-05
9.288478031521663070e-05
8.497808448737487197e-05
8.466334838885813951e-05
8.226159843616187572e-05
9.262669482268393040e-05
6.948228110559284687e-05
7.374279812211170793e-05
1.112765166908502579e-04
5.627793143503367901e-05
5.439415690489113331e-05
7.083348464220762253e-05
8.364079258171841502e-05
1.086445117834955454e-04
7.706086762482300401e-05
1.842110068537294865e-04
1.036853282130323350e-04
2.348292473470792174e-04
1.239850971614941955e-04
1.026469835778698325e-04
7.031473796814680099e-05
1.025834062602370977e-04
8.191631786758080125e-05
1.155022982857190073e-04
8.163677557604387403e-05
8.683076885063201189e-05
7.112984167179092765e-05
8.937728853197768331e-05
7.877757161622866988e-05
7.943171658553183079e-05
6.526327342726290226e-05
9.257347119273617864e-05
7.992816972546279430e-05
7.349422958213835955e-05
5.817684723297134042e-05
1.023873410304076970e-04
1.057459958246909082e-04
7.401139009743928909e-05
6.431642395909875631e-05
6.674494943581521511e-05
1.284817262785509229e-04
1.061529692378826439e-04
9.222693915944546461e-05
6.757360097253695130e-05
7.855037983972579241e-05
8.326440729433670640e-05
7.492664735764265060e-05
8.374066237593069673e-05
4.355231794761493802e-05
5.377715569920837879e-05
4.900442945654504001e-05
6.063963155611418188e-05
6.748185842297971249e-05
6.087244037189520895e-05
6.555367872351780534e-05
4.428744432516396046e-05
4.966884080204181373e-05
8.547498146072030067e-05
1.284390455111861229e-04
2.043498243438079953e-04
1.886613172246143222e-04
1.000152915366925299e-04
1.261010183952748775e-04
4.849298784392885864e-05
5.131907164468429983e-05
2.576428960310295224e-05
3.971598562202416360e-05
3.669660873129032552e-05
8.218502625823020935e-05
4.906114190816879272e-05
8.133057417580857873e-05
8.672646072227507830e-05
9.406780009157955647e-05
6.878015847178176045e-05
8.013286424102261662e-05
4.431894922163337469e-05
7.989173172973096371e-05
9.130165562964975834e-05
1.641226699575781822e-04
1.688784686848521233e-04
1.199725084006786346e-04
7.316208939300850034e-05
9.532532567391172051e-05
8.618018910055980086e-05
8.924197754822671413e-05
9.611458517611026764e-05
8.311857527587562799e-05
1.020400595734827220e-04
1.064723182935267687e-04
6.907757051521912217e-05
6.420752470148727298e-05
5.112107464810833335e-05
1.116010826081037521e-04
9.320168464910238981e-05
9.027034684550017118e-05
6.450414366554468870e-05
3.910716623067855835e-05
8.988238550955429673e-05
7.890232518548145890e-05
4.444580918061546981e-05
1.499760401202365756e-04
9.496384154772385955e-05
5.560599674936383963e-05
8.276953303720802069e-05
9.066953498404473066e-05
5.670771861332468688e-05
9.705135744297876954e-05
1.376482687192037702e-04
9.798187966225668788e-05
8.047711162362247705e-05
9.223711822414770722e-05
8.783546945778653026e-05
1.301191514357924461e-04
4.474504748941399157e-05
9.137106098933145404e-05
3.106119038420729339e-05
5.836856144014745951e-05
1.097483254852704704e-04
1.020312047330662608e-04
5.067958045401610434e-05
4.560194793157279491e-05
3.221814768039621413e-05
6.275089253904297948e-05
5.166714254301041365e-05
8.808146958472207189e-05
8.335566235473379493e-05
5.479612082126550376e-05
4.552517202682793140e-05
7.738118438282981515e-05
1.174302960862405598e-04
7.849906251067295671e-05
6.031390876160003245e-05
4.618895763996988535e-05
5.027804945711977780e-05
5.542041617445647717e-05
4.819773312192410231e-05
7.632154301973059773e-05
3.896268754033371806e-05
7.066858961479738355e-05
1.001133568934164941e-04
7.901457138359546661e-05
5.975399471935816109e-05
5.958860128885135055e-05
4.208004247630015016e-05
7.704609743086621165e-05
7.193085912149399519e-05
9.475444676354527473e-05
4.506040932028554380e-05
6.755764479748904705e-05
4.391002948977984488e-05
1.428298564860597253e-04
5.198406142881140113e-05
1.006313032121397555e-04
9.288554429076611996e-05
6.791025953134521842e-05
1.172219053842127323e-04
4.739057840197347105e-05
4.060877472511492670e-05
3.867320265271700919e-05
5.380008224165067077e-05
3.481825842754915357e-05
7.063568773446604609e-05
7.880072371335700154e-05
1.205012231366708875e-04
6.922224565641954541e-05
8.604878530604764819e-05
5.682591654476709664e-05
9.550067625241354108e-05
7.700645073782652617e-05
3.042571552214212716e-05
6.327614391921088099e-05
4.535615880740806460e-05
4.651013659895397723e-05
6.015725739416666329e-05
6.555138679686933756e-05
3.764199936995282769e-05
4.455056478036567569e-05
5.596446499112062156e-05
1.421689667040482163e-04
1.072500890586525202e-04
2.066985471174120903e-04
1.659598201513290405e-04
1.448555703973397613e-04
9.913832036545500159e-05
6.688207940896973014e-05
9.199519990943372250e-05
7.690949860261753201e-05
5.784865425084717572e-05
7.464968803105875850e-05
5.793435411760583520e-05
4.952454764861613512e-05
6.350769399432465434e-05
6.803558062529191375e-05
5.545919339056126773e-05
7.097084017004817724e-05
5.419954322860576212e-05
7.783244655001908541e-05
5.263037382974289358e-05
4.953721509082242846e-05
5.328606857801787555e-05
5.010763197788037360e-05
5.549628622247837484e-05
5.130673889652825892e-05
7.469681440852582455e-05
8.700595208210870624e-05
1.053785963449627161e-04
7.519956852775067091e-05
1.098352222470566630e-04
1.475159224355593324e-04
1.372698461636900902e-04
1.061670118360780180e-04
1.781447208486497402e-04
1.033338630804792047e-04
1.726901537040248513e-04
1.505136169726029038e-04
1.739355502650141716e-04
1.595561770955100656e-04
1.295358815696090460e-04
1.141858301707543433e-04
9.681281517259776592e-05
1.082098970073275268e-04
7.384271157206967473e-05
7.007332169450819492e-05
7.141844253055751324e-05
4.299504144000820816e-05
7.987584103830158710e-05
4.884660665993578732e-05
3.657180786831304431e-05
5.449771924759261310e-05
3.489055598038248718e-05
3.523037958075292408e-05
4.534741310635581613e-05
4.915044337394647300e-05
3.718900552485138178e-05
6.439574644900858402e-05
5.697475353372283280e-05
3.827611362794414163e-05
3.144685251754708588e-05
1.129168304032646120e-04
6.597838364541530609e-05
6.656959158135578036e-05
3.823619408649392426e-05
3.926342833437956870e-05
3.014400681422557682e-05
8.513928332831710577e-05
5.843450708198361099e-05
1.258071715710684657e-04
1.075276013580150902e-04
1.099562432500533760e-04
1.251810172107070684e-04
8.533343498129397631e-05
1.286281622014939785e-04
1.827844535000622272e-04
1.094709077733568847e-04
1.117709762183949351e-04
1.118478903663344681e-04
1.237624819623306394e-04
7.848136738175526261e-05
1.585204299772158265e-04
7.419481698889285326e-05
5.543225051951594651e-05
6.541713810293003917e-05
4.470011845114640892e-05
4.663263098336756229e-05
5.172698001842945814e-05
4.022621942567639053e-05
4.062671723659150302e-05
4.682167855207808316e-05
5.229531961958855391e-05
6.829628546256572008e-05
8.091426570899784565e-05
1.539107906864956021e-04
9.466616756981238723e-05
7.725506293354555964e-05
6.268525612540543079e-05
5.329115447239018977e-05
3.851875953841954470e-05
3.326400110381655395e-05
7.423957868013530970e-05
1.021575444610789418e-04
9.594818402547389269e-05
7.523345993831753731e-05
5.831215457874350250e-05
8.924444409785792232e-05
6.954718992346897721e-05
4.886123497271910310e-05
5.799879363621585071e-05
9.721248352434486151e-05
1.442127249902114272e-04
1.497368357377126813e-04
1.032531290547922254e-04
1.153694392996840179e-04
1.720444852253422141e-04
1.524232211522758007e-04
1.930717262439429760e-04
1.598142989678308368e-04
1.536466734251007438e-04
2.225905336672440171e-04
1.503349631093442440e-04
1.430701522622257471e-04
1.286198676098138094e-04
1.132378456532023847e-04
9.618678450351580977e-05
6.813397340010851622e-05
8.428365254076197743e-05
8.848957804730162024e-05
6.075387864257209003e-05
8.621699817012995481e-05
2.083264698740094900e-04
2.129255299223586917e-04
2.311925782123580575e-04
2.141675504390150309e-04
2.160709555028006434e-04
1.808663218980655074e-04
2.572817029431462288e-04
1.407671952620148659e-04
1.073609091690741479e-04
1.120454544434323907e-04
1.176864388980902731e-04
6.608903640881180763e-05
8.602479647379368544e-05
4.456692840903997421e-05
5.811197843286208808e-05
4.656110832002013922e-05
6.935856072232127190e-05
6.909699004609137774e-05
9.668910206528380513e-05
1.136656137532554567e-04
6.893469253554940224e-05
8.568549674237146974e-05
7.808985537849366665e-05
4.365539280115626752e-05
3.393820588826201856e-05
3.331945845275186002e-05
3.061100505874492228e-05
4.328389331931248307e-05
2.839050466718617827e-05
5.307303217705339193e-05
2.718050200201105326e-05
3.932319668820127845e-05
5.015063652535900474e-05
1.070715879905037582e-04
1.829453540267422795e-04
1.698546111583709717e-04
1.089543584384955466e-04
6.648501585004851222e-05
5.936187153565697372e-05
5.807137131341733038e-05
3.300733806099742651e-05
1.015733432723209262e-04
5.819998841616325080e-05
6.040601147105917335e-05
5.383470852393656969e-05
4.709902350441552699e-05
4.221464405418373644e-05
5.308219260768964887e-05
6.171527638798579574e-05
4.674655065173283219e-05
4.170203101239167154e-05
4.963674655300565064e-05
2.756627509370446205e-05
3.814883893937803805e-05
3.738764280569739640e-05
2.715327536861877888e-05
3.084215495618991554e-05
2.194730041082948446e-05
2.871126162062864751e-05
2.766666693787556142e-05
2.343301457585766912e-05
3.509195812512189150e-05
2.337675687158480287e-05
2.434678754070773721e-05
2.148287785530555993e-05
2.288561518071219325e-05
3.236838529119268060e-05
2.534552004362922162e-05
2.287687675561755896e-05
2.238094566564541310e-05
2.248322562081739306e-05
2.811954618664458394e-05
2.460229370626620948e-05
2.526713797124102712e-05
1.802757105906493962e-05
2.399850382062140852e-05
2.009027593885548413e-05
