4.201264083385467529e-01
1.797090470790863037e-01
1.579295098781585693e-01
1.090063452720642090e-01
1.152172684669494629e-01
9.895446151494979858e-02
8.248115330934524536e-02
8.001130819320678711e-02
6.875756382942199707e-02
6.595014035701751709e-02
6.906194239854812622e-02
6.531555950641632080e-02
5.946189910173416138e-02
5.445202812552452087e-02
5.670076981186866760e-02
4.062710702419281006e-02
4.443904012441635132e-02
4.751303046941757202e-02
3.730773925781250000e-02
4.299293085932731628e-02
4.676224291324615479e-02
3.398873656988143921e-02
3.775653243064880371e-02
3.470054641366004944e-02
3.632653132081031799e-02
2.882111631333827972e-02
2.749363146722316742e-02
3.273094072937965393e-02
3.155275434255599976e-02
2.732956223189830780e-02
2.899912185966968536e-02
3.395181149244308472e-02
2.909430116415023804e-02
2.674019895493984222e-02
2.958098240196704865e-02
2.583300508558750153e-02
2.701306343078613281e-02
2.267702296376228333e-02
3.171367570757865906e-02
2.394718118011951447e-02
2.454705722630023956e-02
2.544655278325080872e-02
2.444863133132457733e-02
2.245649322867393494e-02
2.068461850285530090e-02
2.716905996203422546e-02
2.037288434803485870e-02
2.422431856393814087e-02
2.257956191897392273e-02
2.438356913626194000e-02
2.395537123084068298e-02
1.892931573092937469e-02
2.275564521551132202e-02
2.538433857262134552e-02
1.781857199966907501e-02
2.159834466874599457e-02
1.778864115476608276e-02
1.629057154059410095e-02
1.798647269606590271e-02
1.930252462625503540e-02
2.054228261113166809e-02
2.023871615529060364e-02
1.713438518345355988e-02
1.921010762453079224e-02
1.742211543023586273e-02
2.140933461487293243e-02
1.598164811730384827e-02
1.543457061052322388e-02
1.752593368291854858e-02
1.573835872113704681e-02
1.863735169172286987e-02
1.881484128534793854e-02
1.341468561440706253e-02
1.534248236566781998e-02
1.617768593132495880e-02
1.468970905989408493e-02
1.414865534752607346e-02
1.349305361509323120e-02
1.263990066945552826e-02
1.135849487036466599e-02
1.239701826125383377e-02
1.223200000822544098e-02
1.255802623927593231e-02
1.845149323344230652e-02
1.641045510768890381e-02
1.619859226047992706e-02
1.812464743852615356e-02
1.586305722594261169e-02
1.543770637363195419e-02
1.242858730256557465e-02
1.229825057089328766e-02
1.374332886189222336e-02
1.169545389711856842e-02
1.374102942645549774e-02
1.752972975373268127e-02
1.104866620153188705e-02
1.315652113407850266e-02
1.088455598801374435e-02
1.401762757450342178e-02
1.349917054176330566e-02
9.267637506127357483e-03
1.451792474836111069e-02
1.181470509618520737e-02
1.049837190657854080e-02
1.203265506774187088e-02
1.252270489931106567e-02
1.297974307090044022e-02
1.175291463732719421e-02
1.200905535370111465e-02
1.204159855842590332e-02
9.146429598331451416e-03
1.298737991601228714e-02
8.025349117815494537e-03
7.273233029991388321e-03
1.087614800781011581e-02
9.518558159470558167e-03
1.039760839194059372e-02
1.200455799698829651e-02
8.560313843190670013e-03
9.009279310703277588e-03
9.979066438972949982e-03
1.310262177139520645e-02
9.406062774360179901e-03
8.669181726872920990e-03
1.162112597376108170e-02
1.005408447235822678e-02
8.968681097030639648e-03
9.444714523851871490e-03
8.579832501709461212e-03
1.118380669504404068e-02
1.000222563743591309e-02
9.444043971598148346e-03
8.988121524453163147e-03
8.146884851157665253e-03
7.996550761163234711e-03
1.206831727176904678e-02
1.004062406718730927e-02
7.801658939570188522e-03
8.034978061914443970e-03
9.804232046008110046e-03
9.686324745416641235e-03
8.790538646280765533e-03
7.858561351895332336e-03
8.987440727651119232e-03
7.796539459377527237e-03
9.298987686634063721e-03
7.751103024929761887e-03
7.684343494474887848e-03
7.358830422163009644e-03
6.676381453871726990e-03
7.295654620975255966e-03
8.487518876791000366e-03
6.764005403965711594e-03
6.959186866879463196e-03
8.219492621719837189e-03
6.869748700410127640e-03
4.935699049383401871e-03
7.956251502037048340e-03
6.219842936843633652e-03
5.358708091080188751e-03
6.864261813461780548e-03
5.665734410285949707e-03
7.193597499281167984e-03
7.844381034374237061e-03
7.759741973131895065e-03
7.890496402978897095e-03
7.520390208810567856e-03
7.061778102070093155e-03
7.215908728539943695e-03
6.581220775842666626e-03
6.285227369517087936e-03
9.152237325906753540e-03
7.002213038504123688e-03
6.494425702840089798e-03
8.022814989089965820e-03
6.449974607676267624e-03
6.184624042361974716e-03
7.569627836346626282e-03
5.927614402025938034e-03
5.608049686998128891e-03
6.104756146669387817e-03
4.744665231555700302e-03
5.082875955849885941e-03
4.062095656991004944e-03
5.335135851055383682e-03
3.999864216893911362e-03
5.309825763106346130e-03
5.208290647715330124e-03
5.203553941100835800e-03
5.673846229910850525e-03
4.912448581308126450e-03
6.490768864750862122e-03
6.147529464215040207e-03
5.651261657476425171e-03
5.908919498324394226e-03
5.400927271693944931e-03
5.249754060059785843e-03
4.334217403084039688e-03
5.495111923664808273e-03
4.759314469993114471e-03
4.076191224157810211e-03
6.163518875837326050e-03
4.673700779676437378e-03
4.562951158732175827e-03
5.409596953541040421e-03
4.164045210927724838e-03
3.253618255257606506e-03
5.153475329279899597e-03
3.960883710533380508e-03
4.692936781793832779e-03
4.913013428449630737e-03
4.808542784303426743e-03
3.865746315568685532e-03
5.114724859595298767e-03
4.601288121193647385e-03
5.104169249534606934e-03
3.852313151583075523e-03
3.794142277911305428e-03
4.119505640119314194e-03
4.167668987065553665e-03
3.633941989392042160e-03
3.555329050868749619e-03
4.731331951916217804e-03
4.659557715058326721e-03
5.180855281651020050e-03
5.819729529321193695e-03
3.446628106757998466e-03
5.197424441576004028e-03
4.701057448983192444e-03
4.337018821388483047e-03
4.484216216951608658e-03
3.117652842774987221e-03
5.349451676011085510e-03
4.605087451636791229e-03
4.264104645699262619e-03
4.717648494988679886e-03
3.301738994196057320e-03
5.404452793300151825e-03
3.883304074406623840e-03
4.972415044903755188e-03
3.835945390164852142e-03
4.576114937663078308e-03
3.462680615484714508e-03
3.424534574151039124e-03
3.341120434924960136e-03
3.729853080585598946e-03
3.775112563744187355e-03
4.556098021566867828e-03
4.250478930771350861e-03
3.657485824078321457e-03
3.325964324176311493e-03
4.393594339489936829e-03
4.631642252206802368e-03
4.112182185053825378e-03
4.436020739376544952e-03
3.277185838669538498e-03
4.329252056777477264e-03
3.973554354161024094e-03
3.146174596622586250e-03
3.752972465008497238e-03
4.589742515236139297e-03
3.818217199295759201e-03
4.095813259482383728e-03
2.795171923935413361e-03
3.353547537699341774e-03
2.995603485032916069e-03
4.510188009589910507e-03
3.933425061404705048e-03
2.615989418700337410e-03
3.479517064988613129e-03
4.055257886648178101e-03
3.888970939442515373e-03
3.875428810715675354e-03
4.276320803910493851e-03
5.456956103444099426e-03
3.120083827525377274e-03
4.129710607230663300e-03
3.351666964590549469e-03
4.260133486241102219e-03
3.296188311651349068e-03
3.235168755054473877e-03
2.842999994754791260e-03
3.198475576937198639e-03
4.081372171640396118e-03
4.967797081917524338e-03
3.608418628573417664e-03
4.065953660756349564e-03
3.492791438475251198e-03
3.050826489925384521e-03
4.041244275867938995e-03
3.178052604198455811e-03
2.991631394252181053e-03
4.183403681963682175e-03
3.690684679895639420e-03
2.847336931154131889e-03
4.947053734213113785e-03
3.869496053084731102e-03
2.634458011016249657e-03
3.599453950300812721e-03
2.957465127110481262e-03
3.509592963382601738e-03
2.970087807625532150e-03
4.210216458886861801e-03
3.147535258904099464e-03
3.914413973689079285e-03
2.811672165989875793e-03
3.486515255644917488e-03
3.996707033365964890e-03
4.252654500305652618e-03
3.666133619844913483e-03
4.070704337209463120e-03
4.532015416771173477e-03
3.456912236288189888e-03
2.726458711549639702e-03
3.269121283665299416e-03
3.350027836859226227e-03
4.528705962002277374e-03
3.127141622826457024e-03
4.026686772704124451e-03
2.454025670886039734e-03
2.770773833617568016e-03
2.927849069237709045e-03
4.828082863241434097e-03
3.450318938121199608e-03
2.853435929864645004e-03
3.659008536487817764e-03
2.950184978544712067e-03
2.442575525492429733e-03
3.243264043703675270e-03
2.432161243632435799e-03
3.332871012389659882e-03
1.897272071801126003e-03
3.849149448797106743e-03
3.721100743860006332e-03
3.332151565700769424e-03
3.601151052862405777e-03
3.717083251103758812e-03
3.157090628519654274e-03
3.024130361154675484e-03
3.941224422305822372e-03
4.809309728443622589e-03
3.551170928403735161e-03
4.330355674028396606e-03
3.497942117974162102e-03
4.048931412398815155e-03
3.288629930466413498e-03
3.554107854142785072e-03
3.044507699087262154e-03
3.914532251656055450e-03
2.820765599608421326e-03
3.000610508024692535e-03
2.702614059671759605e-03
3.124401904642581940e-03
3.245457308366894722e-03
2.230435842648148537e-03
3.571010427549481392e-03
2.907800022512674332e-03
3.186230082064867020e-03
3.897212678566575050e-03
3.406014759093523026e-03
2.627789042890071869e-03
2.418130403384566307e-03
2.473959000781178474e-03
2.590625779703259468e-03
3.386057214811444283e-03
2.771412953734397888e-03
2.847192808985710144e-03
3.533800831064581871e-03
3.265260951593518257e-03
3.616997040808200836e-03
3.919121809303760529e-03
3.585816826671361923e-03
2.827172633260488510e-03
3.036948852241039276e-03
2.961418125778436661e-03
2.649798057973384857e-03
3.403765615075826645e-03
3.720035543665289879e-03
3.699800698086619377e-03
3.627341473475098610e-03
3.176703350618481636e-03
3.726776223629713058e-03
3.048280719667673111e-03
3.809739369899034500e-03
5.082986783236265182e-03
3.454691264778375626e-03
3.754402510821819305e-03
3.146680304780602455e-03
2.463822485879063606e-03
2.861113054677844048e-03
2.961971797049045563e-03
3.327091224491596222e-03
3.498482052236795425e-03
2.675910945981740952e-03
2.738527953624725342e-03
3.282500896602869034e-03
2.754029352217912674e-03
2.831812016665935516e-03
2.680739155039191246e-03
2.674501156434416771e-03
3.931727260351181030e-03
3.279354656115174294e-03
3.349736332893371582e-03
3.496982390061020851e-03
2.376186661422252655e-03
2.250273013487458229e-03
2.904241438955068588e-03
3.111298428848385811e-03
3.057379974052309990e-03
4.300282336771488190e-03
3.703165100887417793e-03
4.141047131270170212e-03
2.577682491391897202e-03
2.266531577333807945e-03
3.220907412469387054e-03
3.241132479161024094e-03
3.192486474290490150e-03
2.212657826021313667e-03
3.331344341859221458e-03
4.220460541546344757e-03
3.274198854342103004e-03
2.197413239628076553e-03
2.006894443184137344e-03
2.363170031458139420e-03
2.828784054145216942e-03
2.131308661773800850e-03
2.159320283681154251e-03
3.315399866551160812e-03
3.021497046574950218e-03
2.963561797514557838e-03
3.302259836345911026e-03
3.012887900695204735e-03
3.174513578414916992e-03
2.406709128990769386e-03
3.368229372426867485e-03
2.768068108707666397e-03
3.005194710567593575e-03
3.155528567731380463e-03
2.292037243023514748e-03
3.435743739828467369e-03
3.327925689518451691e-03
2.917815465480089188e-03
2.252760576084256172e-03
1.864833058789372444e-03
3.136521670967340469e-03
2.195242559537291527e-03
1.650579273700714111e-03
2.780937356874346733e-03
2.373962430283427238e-03
2.842875197529792786e-03
4.048888571560382843e-03
3.511555260047316551e-03
3.864142810925841331e-03
2.246358431875705719e-03
2.283150097355246544e-03
2.296986524015665054e-03
2.163513097912073135e-03
2.980391494929790497e-03
2.492724684998393059e-03
1.942663337104022503e-03
2.521918155252933502e-03
2.763918600976467133e-03
2.522984752431511879e-03
1.577669871039688587e-03
2.950904890894889832e-03
1.864247373305261135e-03
2.593866316601634026e-03
2.444952959194779396e-03
2.749082632362842560e-03
1.770854345522820950e-03
2.850917167961597443e-03
2.310425741598010063e-03
2.419154392555356026e-03
2.885934198275208473e-03
2.676895586773753166e-03
2.138118026778101921e-03
3.824763000011444092e-03
2.392331836745142937e-03
2.121184254065155983e-03
2.323818160220980644e-03
2.772625302895903587e-03
2.203296171501278877e-03
2.221178961917757988e-03
2.175441477447748184e-03
1.936342916451394558e-03
2.889693481847643852e-03
2.322813961654901505e-03
2.207404002547264099e-03
2.465789206326007843e-03
2.255502622574567795e-03
1.968882977962493896e-03
2.667126245796680450e-03
3.597862087190151215e-03
3.099670400843024254e-03
2.365511842072010040e-03
1.734293298795819283e-03
2.467990620061755180e-03
2.261350397020578384e-03
2.531333826482295990e-03
2.037087921053171158e-03
2.313786651939153671e-03
2.388750901445746422e-03
2.689881017431616783e-03
2.361914142966270447e-03
2.022449858486652374e-03
2.035251120105385780e-03
2.288848860189318657e-03
3.113075392320752144e-03
2.184012671932578087e-03
2.995784394443035126e-03
2.722556237131357193e-03
2.421005163341760635e-03
2.210888313129544258e-03
2.134811133146286011e-03
2.289350843057036400e-03
1.687242533080279827e-03
2.437008079141378403e-03
2.199661452323198318e-03
2.560597378760576248e-03
2.713998313993215561e-03
2.145881997421383858e-03
2.481707837432622910e-03
2.097371267154812813e-03
1.977809239178895950e-03
1.834826427511870861e-03
1.975113060325384140e-03
2.373308176174759865e-03
2.874209312722086906e-03
2.585005480796098709e-03
3.307475242763757706e-03
2.184572862461209297e-03
2.497339388355612755e-03
2.436449052765965462e-03
2.345547778531908989e-03
2.093612914904952049e-03
2.927715191617608070e-03
3.335217945277690887e-03
2.339578233659267426e-03
2.060211962088942528e-03
2.130958251655101776e-03
2.308632479980587959e-03
2.665052190423011780e-03
1.814627903513610363e-03
1.686825649812817574e-03
2.326520159840583801e-03
1.861962489783763885e-03
1.927857403643429279e-03
2.120207296684384346e-03
2.499499125406146049e-03
2.007609233260154724e-03
2.083126921206712723e-03
2.463370561599731445e-03
1.553419278934597969e-03
1.253786729648709297e-03
2.465001307427883148e-03
1.993909478187561035e-03
1.663834904320538044e-03
1.771790091879665852e-03
1.829909044317901134e-03
2.420511562377214432e-03
2.548371907323598862e-03
2.052183263003826141e-03
2.145852427929639816e-03
1.927086967043578625e-03
1.854076050221920013e-03
1.739496132358908653e-03
1.887531252577900887e-03
2.656297758221626282e-03
1.782340812496840954e-03
2.019758569076657295e-03
2.047744346782565117e-03
1.752887037582695484e-03
2.582072280347347260e-03
3.396129934117197990e-03
2.004607580602169037e-03
1.791205606423318386e-03
2.061074599623680115e-03
1.686741015873849392e-03
1.792581402696669102e-03
1.954921288415789604e-03
2.011301927268505096e-03
1.983239082619547844e-03
2.212661784142255783e-03
1.941370195709168911e-03
2.489530481398105621e-03
2.357505960389971733e-03
1.744713517837226391e-03
3.222195198759436607e-03
1.840351033024489880e-03
1.670242054387927055e-03
1.759068924002349377e-03
2.837248146533966064e-03
2.045868895947933197e-03
2.844134345650672913e-03
2.046524547040462494e-03
2.264930400997400284e-03
2.203480107709765434e-03
1.856004004366695881e-03
1.987711526453495026e-03
2.541103167459368706e-03
2.043755957856774330e-03
1.431477838195860386e-03
1.997122075408697128e-03
2.277435502037405968e-03
2.805677242577075958e-03
2.351083792746067047e-03
1.829941524192690849e-03
1.140716020017862320e-03
2.099357079714536667e-03
2.025029854848980904e-03
2.316636499017477036e-03
1.839571632444858551e-03
1.955936895683407784e-03
1.717662671580910683e-03
1.685209223069250584e-03
1.794637180864810944e-03
1.602827105671167374e-03
2.594082616269588470e-03
1.850047963671386242e-03
2.207492943853139877e-03
2.716604853048920631e-03
2.677847398445010185e-03
2.480696188285946846e-03
2.154007786884903908e-03
3.017587587237358093e-03
1.486476860009133816e-03
2.321431646123528481e-03
2.522797090932726860e-03
1.979423221200704575e-03
2.675102092325687408e-03
2.241832669824361801e-03
2.470148727297782898e-03
1.966802403330802917e-03
2.269434509798884392e-03
2.757501788437366486e-03
1.982287969440221786e-03
1.994312508031725883e-03
2.367428271099925041e-03
2.551818732172250748e-03
2.919017570093274117e-03
2.536686602979898453e-03
2.106278669089078903e-03
2.107233507558703423e-03
1.579346833750605583e-03
2.031083917245268822e-03
1.834892784245312214e-03
2.891204552724957466e-03
2.331486903131008148e-03
1.544087543152272701e-03
1.926895114593207836e-03
1.292707282118499279e-03
2.603169996291399002e-03
1.807522610761225224e-03
1.716231461614370346e-03
2.022406551986932755e-03
2.268521115183830261e-03
1.967458520084619522e-03
1.793188508599996567e-03
1.829670392908155918e-03
1.195446122437715530e-03
1.286598155274987221e-03
1.428345916792750359e-03
2.907857531681656837e-03
1.726156566292047501e-03
1.917043933644890785e-03
1.639238558709621429e-03
1.777252065949141979e-03
1.454243087209761143e-03
1.785163884051144123e-03
2.125038066878914833e-03
1.866731094196438789e-03
1.723638619296252728e-03
2.045568078756332397e-03
1.912616193294525146e-03
1.661578891798853874e-03
1.964382128790020943e-03
1.313574030064046383e-03
1.978360349312424660e-03
2.099703066051006317e-03
2.062811749055981636e-03
1.734774559736251831e-03
1.814810791984200478e-03
1.574598252773284912e-03
1.620756229385733604e-03
1.642006216570734978e-03
1.586025231517851353e-03
2.544544870033860207e-03
1.021436764858663082e-03
1.674022525548934937e-03
1.938796369358897209e-03
2.211069688200950623e-03
2.515177708119153976e-03
1.917215879075229168e-03
2.168279606848955154e-03
2.055214019492268562e-03
1.581085612997412682e-03
2.060625003650784492e-03
1.410902128554880619e-03
2.453212626278400421e-03
1.445031026378273964e-03
1.846222556196153164e-03
1.295843860134482384e-03
1.631479826755821705e-03
1.928453799337148666e-03
1.739592291414737701e-03
1.824448816478252411e-03
1.609054626896977425e-03
1.944851479493081570e-03
2.228906843811273575e-03
2.458334201946854591e-03
1.754979370161890984e-03
1.892127795144915581e-03
2.222538227215409279e-03
1.180691644549369812e-03
1.574202673509716988e-03
1.276515424251556396e-03
1.304817851632833481e-03
1.355402520857751369e-03
1.656706328503787518e-03
1.937339431606233120e-03
2.118729753419756889e-03
2.094769617542624474e-03
2.150162355974316597e-03
2.078335266560316086e-03
1.987295690923929214e-03
1.664641895331442356e-03
1.656954409554600716e-03
1.372132799588143826e-03
1.726243994198739529e-03
1.437462749890983105e-03
1.860635820776224136e-03
1.756316982209682465e-03
1.461440231651067734e-03
1.618843176402151585e-03
1.720944186672568321e-03
1.545690116472542286e-03
2.087883884087204933e-03
2.223900519311428070e-03
1.915397006087005138e-03
1.658830442465841770e-03
1.362649491056799889e-03
1.890408690087497234e-03
1.868681283667683601e-03
2.001905348151922226e-03
1.870019477792084217e-03
1.841009594500064850e-03
2.408567117527127266e-03
1.719032181426882744e-03
2.045072847977280617e-03
1.542940386570990086e-03
1.340763294138014317e-03
2.320873551070690155e-03
2.368975663557648659e-03
1.925411052070558071e-03
1.330793020315468311e-03
2.132501685991883278e-03
1.933677238412201405e-03
1.602457370609045029e-03
1.707910792902112007e-03
1.568029052577912807e-03
1.652890467084944248e-03
1.834564842283725739e-03
1.841745804995298386e-03
1.309469458647072315e-03
1.783760730177164078e-03
1.506134867668151855e-03
1.481885439716279507e-03
1.520797261036932468e-03
1.605547033250331879e-03
1.860886113718152046e-03
2.154972404241561890e-03
2.196094254031777382e-03
1.878084964118897915e-03
1.852380461059510708e-03
1.825716695748269558e-03
1.588902901858091354e-03
1.988849835470318794e-03
2.386345062404870987e-03
1.759024569764733315e-03
2.435518195852637291e-03
2.147368388250470161e-03
2.046872861683368683e-03
1.755638513714075089e-03
1.752486103214323521e-03
2.056519733741879463e-03
1.874354318715631962e-03
1.971986377611756325e-03
1.827684813179075718e-03
1.753564807586371899e-03
1.966237323358654976e-03
2.368971472606062889e-03
1.982431625947356224e-03
1.357000437565147877e-03
1.731275464408099651e-03
1.320903887972235680e-03
1.531574176624417305e-03
1.543520134873688221e-03
2.109598601236939430e-03
1.656514126807451248e-03
4.122019279748201370e-03
2.280441112816333771e-03
1.954695209860801697e-03
1.730921445414423943e-03
1.875656191259622574e-03
1.389231183566153049e-03
1.668046810664236546e-03
1.933088758960366249e-03
1.744719920679926872e-03
1.866500708274543285e-03
1.908749341964721680e-03
2.165073994547128677e-03
2.056789584457874298e-03
1.575918751768767834e-03
1.147693837992846966e-03
1.310303458012640476e-03
2.087592612951993942e-03
1.529734698124229908e-03
1.300207572057843208e-03
1.475945813581347466e-03
1.738459337502717972e-03
1.730702933855354786e-03
1.834519789554178715e-03
2.223711926490068436e-03
1.359610003419220448e-03
1.417617197148501873e-03
2.146972110494971275e-03
2.515584463253617287e-03
1.652885926887392998e-03
2.156654139980673790e-03
2.456679707393050194e-03
3.050832543522119522e-03
1.925365766510367393e-03
1.318159746006131172e-03
1.462285057641565800e-03
2.860039239749312401e-03
1.817750977352261543e-03
1.604340504854917526e-03
1.921976916491985321e-03
1.852128538303077221e-03
1.735561643727123737e-03
1.446859794668853283e-03
1.435071113519370556e-03
1.121747540310025215e-03
1.755258301272988319e-03
2.330954186618328094e-03
1.757251564413309097e-03
1.514686970040202141e-03
1.893135136924684048e-03
2.127747749909758568e-03
1.833521528169512749e-03
1.391501165926456451e-03
1.678245374932885170e-03
1.567238010466098785e-03
3.657926805317401886e-03
1.104797353036701679e-03
2.109179040417075157e-03
1.899503055028617382e-03
2.669692272320389748e-03
2.185799414291977882e-03
1.879077521152794361e-03
1.424301299266517162e-03
1.740801380947232246e-03
1.879265415482223034e-03
1.177941681817173958e-03
1.437130616977810860e-03
9.950040839612483978e-04
1.511806505732238293e-03
9.458194836042821407e-04
2.130738226696848869e-03
2.171953674405813217e-03
2.287785755470395088e-03
1.943681738339364529e-03
1.887434744276106358e-03
2.045359229668974876e-03
1.769575290381908417e-03
2.489455742761492729e-03
1.959651010110974312e-03
1.699439715594053268e-03
1.489492948167026043e-03
1.976070459932088852e-03
1.953520113602280617e-03
2.794198459014296532e-03
1.937539083883166313e-03
1.200825558044016361e-03
1.281096017919480801e-03
1.124055590480566025e-03
1.781174796633422375e-03
1.272245310246944427e-03
2.277853433042764664e-03
1.347350771538913250e-03
1.683749957010149956e-03
1.296805101446807384e-03
1.726394868455827236e-03
2.116286894306540489e-03
1.691448502242565155e-03
2.715403679758310318e-03
1.802421989850699902e-03
1.428955700248479843e-03
1.667971722781658173e-03
1.789170084521174431e-03
1.287452527321875095e-03
9.723945986479520798e-04
1.118347165174782276e-03
1.277774921618402004e-03
9.080442250706255436e-04
1.585934194736182690e-03
1.709893811494112015e-03
1.354921027086675167e-03
1.385563635267317295e-03
2.127929124981164932e-03
1.789772068150341511e-03
2.169399056583642960e-03
1.474148826673626900e-03
1.445107744075357914e-03
2.248129341751337051e-03
1.252827467396855354e-03
2.040138933807611465e-03
1.747271278873085976e-03
1.675007515586912632e-03
1.206631306558847427e-03
1.916321110911667347e-03
1.701450324617326260e-03
1.612400752492249012e-03
2.038041129708290100e-03
1.736340112984180450e-03
1.709815580397844315e-03
1.489312853664159775e-03
1.846805913373827934e-03
1.584591576829552650e-03
1.624452183023095131e-03
2.074914751574397087e-03
1.596681424416601658e-03
1.673964550718665123e-03
1.473826006986200809e-03
1.555683906190097332e-03
1.403503818437457085e-03
1.365267438814043999e-03
1.604000222869217396e-03
1.411917619407176971e-03
9.343089186586439610e-04
1.348384073935449123e-03
1.127728843130171299e-03
1.384169561788439751e-03
1.694059814326465130e-03
1.738656661473214626e-03
1.499680103734135628e-03
1.166429603472352028e-03
1.224494189955294132e-03
1.848190440796315670e-03
1.415820908732712269e-03
1.130776130594313145e-03
1.183095038868486881e-03
1.169402385130524635e-03
1.306833466514945030e-03
1.618407666683197021e-03
1.821650541387498379e-03
1.583740697242319584e-03
1.266866456717252731e-03
1.453708973713219166e-03
1.351742888800799847e-03
1.705776783637702465e-03
1.543705468066036701e-03
1.508461195044219494e-03
1.447511604055762291e-03
1.587204285897314548e-03
1.028913655318319798e-03
9.899704018607735634e-04
1.326341531239449978e-03
9.215686004608869553e-04
1.312465989030897617e-03
1.111755846068263054e-03
1.008652499876916409e-03
1.345192780718207359e-03
1.616472145542502403e-03
2.014378551393747330e-03
1.497974386438727379e-03
1.430808799341320992e-03
1.241258345544338226e-03
9.928595973178744316e-04
1.045558019541203976e-03
1.637952751480042934e-03
1.052572275511920452e-03
1.329286722466349602e-03
1.131428172811865807e-03
2.019615611061453819e-03
1.526526757515966892e-03
1.583267352543771267e-03
1.541017438285052776e-03
2.219892339780926704e-03
1.355947810225188732e-03
1.742332591675221920e-03
1.641670009121298790e-03
1.889852923341095448e-03
1.813747570849955082e-03
1.413209247402846813e-03
1.068346900865435600e-03
1.498168450780212879e-03
2.254129620268940926e-03
1.687896437942981720e-03
1.923618605360388756e-03
1.628199708648025990e-03
1.595814712345600128e-03
1.244097365997731686e-03
1.405774382874369621e-03
1.226764637976884842e-03
1.116707921028137207e-03
1.030613435432314873e-03
8.997867116704583168e-04
9.423765004612505436e-04
1.410346478223800659e-03
2.137607894837856293e-03
8.998478879220783710e-04
1.136443344876170158e-03
9.835913078859448433e-04
2.081348560750484467e-03
2.350407186895608902e-03
1.955003943294286728e-03
1.357692060992121696e-03
2.339041093364357948e-03
1.542670186609029770e-03
1.857103430666029453e-03
1.592804910615086555e-03
1.863926183432340622e-03
1.170635572634637356e-03
1.179174985736608505e-03
1.501908991485834122e-03
1.386092626489698887e-03
1.477710902690887451e-03
1.561386627145111561e-03
1.272088848054409027e-03
8.822149247862398624e-04
1.008495921269059181e-03
1.063232542946934700e-03
1.165294321253895760e-03
1.097443746402859688e-03
8.628517389297485352e-04
8.657893631607294083e-04
1.305819023400545120e-03
2.112325048074126244e-03
1.538680749945342541e-03
1.778956968337297440e-03
2.398238051682710648e-03
1.644661882892251015e-03
1.503135543316602707e-03
2.268117154017090797e-03
1.735489349812269211e-03
1.376050757244229317e-03
1.813278300687670708e-03
1.638115965761244297e-03
1.598273986019194126e-03
1.510209986008703709e-03
1.800587051548063755e-03
1.384818111546337605e-03
1.874623703770339489e-03
1.688581658527255058e-03
1.512555871158838272e-03
1.660096226260066032e-03
2.135049086064100266e-03
1.860461663454771042e-03
1.609919709153473377e-03
2.055722987279295921e-03
2.014008117839694023e-03
2.973273396492004395e-03
1.394826453179121017e-03
1.806263229809701443e-03
1.480552833527326584e-03
1.444178866222500801e-03
1.439742394722998142e-03
9.795866208150982857e-04
1.243214937858283520e-03
1.030620071105659008e-03
1.633044681511819363e-03
1.819366705603897572e-03
2.061187522485852242e-03
1.799856428988277912e-03
1.420660293661057949e-03
1.475908444263041019e-03
1.973243663087487221e-03
1.672020531259477139e-03
1.215517870150506496e-03
1.418300671502947807e-03
1.752429874613881111e-03
2.924594795331358910e-03
1.335661858320236206e-03
1.754738506861031055e-03
1.726799178868532181e-03
1.611446146853268147e-03
1.562549266964197159e-03
1.774988719262182713e-03
1.941875787451863289e-03
1.733602257445454597e-03
1.784754451364278793e-03
1.399634522385895252e-03
1.503358129411935806e-03
1.660856767557561398e-03
1.562321092933416367e-03
1.217456185258924961e-03
9.720596717670559883e-04
1.252025482244789600e-03
1.060411217622458935e-03
2.389965578913688660e-03
1.959733897820115089e-03
1.811256748624145985e-03
1.680093584582209587e-03
1.639572088606655598e-03
1.525910454802215099e-03
1.478854101151227951e-03
1.561083598062396049e-03
1.703604939393699169e-03
1.592808985151350498e-03
1.430635340511798859e-03
1.677665510214865208e-03
2.170570194721221924e-03
1.176282996311783791e-03
1.352692837826907635e-03
8.347713737748563290e-04
1.911144237965345383e-03
1.278620096854865551e-03
1.434962847270071507e-03
1.914685824885964394e-03
1.244598650373518467e-03
1.761723659001290798e-03
1.196598634123802185e-03
1.037615351378917694e-03
9.131798869930207729e-04
1.082389499060809612e-03
9.878409327939152718e-04
1.030796207487583160e-03
8.451996254734694958e-04
1.200744649395346642e-03
1.785501954145729542e-03
1.093673286959528923e-03
7.885667728260159492e-04
1.036913832649588585e-03
1.087669399566948414e-03
1.022087177261710167e-03
1.591263571754097939e-03
1.592504791915416718e-03
2.209953963756561279e-03
1.803272636607289314e-03
1.605913974344730377e-03
1.250558998435735703e-03
7.735661929473280907e-04
1.045320415869355202e-03
1.203848747536540031e-03
1.348559744656085968e-03
1.484566018916666508e-03
1.114501967094838619e-03
8.810491999611258507e-04
1.156234997324645519e-03
1.337933237664401531e-03
1.381306210532784462e-03
1.010249136015772820e-03
1.035857247188687325e-03
9.951150277629494667e-04
1.207090332172811031e-03
1.332510379143059254e-03
1.345991971902549267e-03
7.391813560388982296e-04
7.657918613404035568e-04
9.144924697466194630e-04
6.598220206797122955e-04
1.167335081845521927e-03
1.476702862419188023e-03
1.723389956168830395e-03
2.524023642763495445e-03
1.899079186841845512e-03
1.962320879101753235e-03
1.308191101998090744e-03
8.325405651703476906e-04
8.077328675426542759e-04
6.500767194665968418e-04
8.942469139583408833e-04
7.722671143710613251e-04
7.486348622478544712e-04
1.376503263600170612e-03
1.458382117561995983e-03
9.484491311013698578e-04
1.114706508815288544e-03
8.342599612660706043e-04
6.489934748969972134e-04
1.126319286413490772e-03
2.381340134888887405e-03
2.720356686040759087e-03
1.809031236916780472e-03
1.705343136563897133e-03
1.310366787947714329e-03
8.354405872523784637e-04
1.197414123453199863e-03
2.008300274610519409e-03
9.377255337312817574e-04
1.329755061306059361e-03
1.548905624076724052e-03
1.071532489731907845e-03
1.974942861124873161e-03
1.228837296366691589e-03
1.179866376332938671e-03
1.739966450259089470e-03
1.005886821076273918e-03
1.191376941278576851e-03
1.360544119961559772e-03
1.075742649845778942e-03
1.350498641841113567e-03
1.736455014906823635e-03
1.448453986085951328e-03
1.876109396107494831e-03
1.571342698298394680e-03
1.735483063384890556e-03
1.141541171818971634e-03
9.595385054126381874e-04
8.212452521547675133e-04
7.901481003500521183e-04
7.715317769907414913e-04
8.603322785347700119e-04
1.274414942599833012e-03
1.118854153901338577e-03
1.119813299737870693e-03
1.162462751381099224e-03
1.403074129484593868e-03
1.421204535290598869e-03
1.555029419250786304e-03
1.527255866676568985e-03
1.360990572720766068e-03
1.457810867577791214e-03
1.166335772722959518e-03
1.709932112134993076e-03
8.482093107886612415e-04
9.085166384465992451e-04
8.345030364580452442e-04
9.281677193939685822e-04
9.962350595742464066e-04
1.168456394225358963e-03
7.742092129774391651e-04
7.206639857031404972e-04
6.469120271503925323e-04
6.551860133185982704e-04
6.542947376146912575e-04
6.194568704813718796e-04
5.727598909288644791e-04
7.421717746183276176e-04
6.077247671782970428e-04
6.346654263325035572e-04
6.523854099214076996e-04
5.390596925280988216e-04
6.030342192389070988e-04
6.340713589452207088e-04
5.566729814745485783e-04
6.404288578778505325e-04
5.394973559305071831e-04
5.369907012209296227e-04
6.028721691109240055e-04
5.621788441203534603e-04
6.889948854222893715e-04
5.319735500961542130e-04
5.018989322707056999e-04
5.915610236115753651e-04
6.566739175468683243e-04
5.060511175543069839e-04
6.882273592054843903e-04
4.534101462922990322e-04
6.147973472252488136e-04
7.023577927611768246e-04
4.835080471821129322e-04
5.922067211940884590e-04
6.072677206248044968e-04
6.371017079800367355e-04
6.353530334308743477e-04
4.702421720139682293e-04
5.295670707710087299e-04
7.025914383120834827e-04
4.630557086784392595e-04
6.061824969947338104e-04
5.165075999684631824e-04
5.078481044620275497e-04
6.137836608104407787e-04
4.369162779767066240e-04
1.577224466018378735e-03
4.910540301352739334e-04
6.493233959190547466e-04
5.198008147999644279e-04
5.511839990504086018e-04
6.669728318229317665e-04
4.977595526725053787e-04
6.163219804875552654e-04
5.422427784651517868e-04
5.420347442850470543e-04
4.641851410269737244e-04
4.588587325997650623e-04
5.578817217610776424e-04
4.593003541231155396e-04
4.361808241810649633e-04
3.794688091147691011e-04
4.217841196805238724e-04
4.353195545263588428e-04
4.192891065031290054e-04
5.114391678944230080e-04
3.800076665356755257e-04
4.268130578566342592e-04
3.916392452083528042e-04
4.853249411098659039e-04
5.077012465335428715e-04
7.413447019644081593e-04
3.997654712293297052e-04
4.468403058126568794e-04
3.796758246608078480e-04
3.727186121977865696e-04
3.754464851226657629e-04
6.729608285240828991e-04
5.095661617815494537e-04
4.674662777688354254e-04
4.702935693785548210e-04
5.001984536647796631e-04
4.038252227474004030e-04
4.334372642915695906e-04
3.490747476462274790e-04
6.157758180052042007e-04
4.697777621913701296e-04
4.864763177465647459e-04
6.561939953826367855e-04
4.008684190921485424e-04
5.114240921102464199e-04
5.894980276934802532e-04
3.917529538739472628e-04
4.282663867343217134e-04
3.569750988390296698e-04
4.490286228246986866e-04
4.250293713994324207e-04
4.795446875505149364e-04
3.802869468927383423e-04
3.900550946127623320e-04
3.699244989547878504e-04
3.180783533025532961e-04
5.208749207668006420e-04
4.907004768028855324e-04
6.662402302026748657e-04
6.996754673309624195e-04
5.123558221384882927e-04
8.021048270165920258e-04
5.148192285560071468e-04
3.223808598704636097e-04
4.171246255282312632e-04
4.104574327357113361e-04
3.452805394772440195e-04
3.417831903789192438e-04
3.661653900053352118e-04
3.889103536494076252e-04
4.224025178700685501e-04
3.861699951812624931e-04
4.465268284548074007e-04
3.296131617389619350e-04
3.022418532054871321e-04
4.604243149515241385e-04
4.033113364130258560e-04
3.887033089995384216e-04
2.940989797934889793e-04
3.621685609687119722e-04
3.252093447372317314e-04
2.756433095782995224e-04
3.789896436501294374e-04
3.334327484481036663e-04
3.267728025093674660e-04
3.988306561950594187e-04
2.817316271830350161e-04
2.630740636959671974e-04
3.232198068872094154e-04
3.581750788725912571e-04
4.022831562906503677e-04
3.506914072204381227e-04
4.424357903189957142e-04
4.576963838189840317e-04
4.236014792695641518e-04
4.483406373765319586e-04
3.956953296437859535e-04
3.179240156896412373e-04
3.752442135009914637e-04
4.053913289681077003e-04
2.788976125884801149e-04
3.570331609807908535e-04
3.296145878266543150e-04
2.845366252586245537e-04
3.546730440575629473e-04
3.064264310523867607e-04
3.232547896914184093e-04
4.258692206349223852e-04
3.163161454722285271e-04
2.607468923088163137e-04
4.022738430649042130e-04
2.305954549228772521e-04
3.616572066675871611e-04
3.482780884951353073e-04
3.344971046317368746e-04
3.056846035178750753e-04
4.060810024384409189e-04
3.678680222947150469e-04
4.528060671873390675e-04
4.056328034494072199e-04
4.183507990092039108e-04
4.568678559735417366e-04
4.805773205589503050e-04
4.610973992384970188e-04
4.748807405121624470e-04
3.633872838690876961e-04
3.816672542598098516e-04
4.436873714439570904e-04
3.820925485342741013e-04
4.350320668891072273e-04
3.029214858543127775e-04
4.013316065538674593e-04
3.777116071432828903e-04
2.717999450396746397e-04
3.582359349820762873e-04
7.088073180057108402e-04
6.440268480218946934e-04
4.201848350930958986e-04
7.200244581326842308e-04
4.121308156754821539e-04
5.216283607296645641e-04
4.092341405339539051e-04
3.602507058531045914e-04
5.454580532386898994e-04
3.665418480522930622e-04
4.084502870682626963e-04
3.463272005319595337e-04
3.040287410840392113e-04
3.994056314695626497e-04
3.243151586502790451e-04
5.179651197977364063e-04
3.565281513147056103e-04
3.801138373091816902e-04
3.363470605108886957e-04
3.242167003918439150e-04
3.540221659932285547e-04
3.639474452938884497e-04
3.866745973937213421e-04
2.750258718151599169e-04
2.995153190568089485e-04
2.945304731838405132e-04
2.192377287428826094e-04
4.213135689496994019e-04
2.966862812172621489e-04
4.221029230393469334e-04
3.685229166876524687e-04
3.107586817350238562e-04
3.152383433189243078e-04
3.535847063176333904e-04
2.951657224912196398e-04
2.795342588797211647e-04
6.007520714774727821e-04
3.836913092527538538e-04
3.320914402138441801e-04
2.849320007953792810e-04
3.699220833368599415e-04
3.511286049615591764e-04
3.675392945297062397e-04
1.016040798276662827e-03
7.524671964347362518e-04
3.044163458980619907e-04
2.990438661072403193e-04
2.842604590114206076e-04
2.705479273572564125e-04
2.261746558360755444e-04
2.422472898615524173e-04
3.564196522347629070e-04
3.033926768694072962e-04
3.271420428063720465e-04
3.818653058260679245e-04
2.751686843112111092e-04
3.076749562751501799e-04
2.731475105974823236e-04
2.506560413166880608e-04
2.941775892395526171e-04
3.139098116662353277e-04
3.308113955426961184e-04
2.801988448482006788e-04
3.181695064995437860e-04
3.194020246155560017e-04
3.670261939987540245e-04
4.824241914320737123e-04
4.884928348474204540e-04
4.990826710127294064e-04
4.424217622727155685e-04
4.162129480391740799e-04
4.539903602562844753e-04
4.902459913864731789e-04
2.879268722608685493e-04
2.462959964759647846e-04
3.845526662189513445e-04
2.866903669200837612e-04
2.431094326311722398e-04
3.020355361513793468e-04
3.462058666627854109e-04
2.513399813324213028e-04
2.000423701247200370e-04
3.177055041305720806e-04
2.260902110720053315e-04
2.167549391742795706e-04
3.515646094456315041e-04
1.786642387742176652e-04
3.506960347294807434e-04
1.977971987798810005e-04
2.032154588960111141e-04
1.912585576064884663e-04
2.601505839265882969e-04
3.006461192853748798e-04
2.674935676623135805e-04
2.277235616929829121e-04
2.756291942205280066e-04
2.537661348469555378e-04
2.534030645620077848e-04
2.433861081954091787e-04
2.542409056331962347e-04
3.325873112771660089e-04
3.854978422168642282e-04
4.586250288411974907e-04
5.158649873919785023e-04
5.013964255340397358e-04
2.640263119246810675e-04
2.673139679245650768e-04
2.282196655869483948e-04
2.183028991566970944e-04
2.647225628606975079e-04
1.981574168894439936e-04
2.368602290516719222e-04
2.675096329767256975e-04
3.381119167897850275e-04
2.900885301642119884e-04
2.966535976156592369e-04
2.455430512782186270e-04
3.600132768042385578e-04
2.685537911020219326e-04
2.982087316922843456e-04
2.452612970955669880e-04
3.701843379531055689e-04
3.574015572667121887e-04
3.070470993407070637e-04
2.504549920558929443e-04
2.969737979583442211e-04
3.777850361075252295e-04
3.595124580897390842e-04
3.255381307099014521e-04
2.718910691328346729e-04
2.333998854737728834e-04
3.614717279560863972e-04
2.559788117650896311e-04
2.917058300226926804e-04
3.468072682153433561e-04
5.959228728897869587e-04
3.171247371938079596e-04
3.799994010478258133e-04
3.173121076542884111e-04
3.595002344809472561e-04
3.349870385136455297e-04
3.273720794823020697e-04
2.877352526411414146e-04
3.651200095191597939e-04
2.868027659133076668e-04
3.089362871833145618e-04
3.847223415505141020e-04
2.874641795642673969e-04
4.648471367545425892e-04
3.221068182028830051e-04
3.099170280620455742e-04
5.467514274641871452e-04
2.699731558095663786e-04
4.438634496182203293e-04
3.028808860108256340e-04
9.614944574423134327e-04
2.270471886731684208e-04
2.016809157794341445e-04
2.018027444137260318e-04
1.690527860773727298e-04
1.711512304609641433e-04
1.510207948740571737e-04
1.831331173889338970e-04
1.778998412191867828e-04
1.605310098966583610e-04
2.444368437863886356e-04
2.663119230419397354e-04
2.543527225498110056e-04
1.730674266582354903e-04
2.223058399977162480e-04
2.161065640393644571e-04
2.897895756177604198e-04
1.917042391141876578e-04
3.419427957851439714e-04
3.434584359638392925e-04
1.914858876261860132e-04
1.460867642890661955e-04
2.038342063315212727e-04
2.799673820845782757e-04
1.832664565881714225e-04
1.439558109268546104e-04
2.949681947939097881e-04
2.777510089799761772e-04
2.417790819890797138e-04
3.160389896947890520e-04
5.055812071077525616e-04
3.733555204235017300e-04
3.870141226798295975e-04
3.943412739317864180e-04
3.694617771543562412e-04
3.610801941249519587e-04
2.896478690672665834e-04
3.730553144123405218e-04
2.841122332029044628e-04
2.966427127830684185e-04
3.287007275503128767e-04
2.972650399897247553e-04
2.136083494406193495e-04
2.336762845516204834e-04
1.862982317106798291e-04
2.676250878721475601e-04
3.110185207333415747e-04
2.917638339567929506e-04
1.951409649336710572e-04
2.645887143444269896e-04
2.333354641450569034e-04
1.998268999159336090e-04
2.227660297648981214e-04
2.403588150627911091e-04
2.570968354120850563e-04
2.117522963089868426e-04
1.936960761668160558e-04
2.081217389786615968e-04
2.631697570905089378e-04
2.681201149243861437e-04
3.433148667681962252e-04
2.619068254716694355e-04
2.241790643893182278e-04
1.466508110752329230e-04
4.104253021068871021e-04
2.208196965511888266e-04
3.129577962681651115e-04
2.145798644050955772e-04
2.060180413536727428e-04
2.203806070610880852e-04
2.240430767415091395e-04
1.583963312441483140e-04
2.998793206643313169e-04
1.910230930661782622e-04
1.372243859805166721e-04
2.469992032274603844e-04
1.881453645182773471e-04
1.839928881963714957e-04
2.019052044488489628e-04
1.879595074569806457e-04
2.103093138430267572e-04
1.415151054970920086e-04
1.678516127867624164e-04
1.458548649679869413e-04
2.949529734905809164e-04
1.675026287557557225e-04
2.017490623984485865e-04
1.317884452873840928e-04
1.332203974016010761e-04
1.692855876171961427e-04
3.165400121361017227e-04
1.415462320437654853e-04
2.005756832659244537e-04
2.631736278999596834e-04
1.337273570243269205e-04
1.615381916053593159e-04
1.916807377710938454e-04
1.587641309015452862e-04
1.951861195266246796e-04
1.779144658939912915e-04
1.768495276337489486e-04
1.874025329016149044e-04
1.876696769613772631e-04
3.979702014476060867e-04
1.877213217085227370e-04
3.420003049541264772e-04
1.178284146590158343e-04
1.475685712648555636e-04
3.040534793399274349e-04
1.539513032184913754e-04
2.457225928083062172e-04
3.363712166901677847e-04
1.299392024520784616e-04
1.807612861739471555e-04
1.745635236147791147e-04
1.733678800519555807e-04
1.827614032663404942e-04
2.011767210206016898e-04
2.582213783171027899e-04
2.384723047725856304e-04
2.451807376928627491e-04
2.048977330559864640e-04
2.072411152767017484e-04
3.247828281018882990e-04
2.515387604944407940e-04
1.295782567467540503e-04
2.784173120744526386e-04
4.282210720703005791e-04
3.546623047441244125e-04
3.347302263136953115e-04
1.556838251417502761e-04
2.111971552949398756e-04
3.157116880174726248e-04
2.102860598824918270e-04
2.050403854809701443e-04
2.027827431447803974e-04
2.610940427985042334e-04
2.312167343916371465e-04
1.868001563707366586e-04
1.681943831499665976e-04
2.525512827560305595e-04
2.529460471123456955e-04
1.825106737669557333e-04
2.134165697498247027e-04
1.032264990499243140e-04
1.328453945461660624e-04
2.881111577153205872e-04
1.323933247476816177e-04
1.557027571834623814e-04
2.457649970892816782e-04
1.942470844369381666e-04
1.661807618802413344e-04
1.644136791583150625e-04
1.517289638286456466e-04
2.229292149422690272e-04
3.050340164918452501e-04
1.641560957068577409e-04
1.708764175418764353e-04
1.382200862281024456e-04
2.097003598464652896e-04
2.284597285324707627e-04
4.479771887417882681e-04
1.739663857733830810e-04
1.851207634899765253e-04
1.585406425874680281e-04
2.012227778322994709e-04
2.826528507284820080e-04
1.669935882091522217e-04
1.500556827522814274e-04
1.295906840823590755e-04
1.187667221529409289e-04
1.491616567363962531e-04
1.518087810836732388e-04
2.078708639601245522e-04
1.697554980637505651e-04
2.151983353542163968e-04
3.725134592968970537e-04
1.699477579677477479e-04
2.324140805285423994e-04
1.750660740071907640e-04
2.442925178911536932e-04
2.191843959735706449e-04
2.519490371923893690e-04
1.634380168979987502e-04
1.916516921482980251e-04
1.866074162535369396e-04
4.033684090245515108e-04
1.876077294582501054e-04
2.570398501120507717e-04
1.612862688489258289e-04
1.254875387530773878e-04
1.879078336060047150e-04
3.105537907686084509e-04
1.883945224108174443e-04
1.978101063286885619e-04
1.829782995628193021e-04
4.270620993338525295e-04
2.588071220088750124e-04
2.375160693190991879e-04
8.685577195137739182e-04
3.144510847050696611e-04
4.060741048306226730e-04
3.003106976393610239e-04
2.384791587246581912e-04
1.582639670232310891e-04
1.976763305719941854e-04
1.399267785018309951e-04
1.171463445643894374e-04
1.308955106651410460e-04
1.526318374089896679e-04
2.088375185849145055e-04
1.758963917382061481e-04
1.835137081798166037e-04
2.122474979842081666e-04
8.676396100781857967e-05
1.383638154948130250e-04
1.198026147903874516e-04
1.905564568005502224e-04
1.032696163747459650e-04
1.168638627859763801e-04
1.776922290446236730e-04
1.404993381584063172e-04
1.108688302338123322e-04
1.668767654336988926e-04
1.529056171420961618e-04
1.608518068678677082e-04
1.616447261767461896e-04
3.906778001692146063e-04
2.813650935422629118e-04
8.088912582024931908e-04
9.016871917992830276e-04
2.302301436429843307e-04
1.093773389584384859e-04
9.099242015508934855e-05
1.025668898364529014e-04
9.733048500493168831e-05
1.131994285969994962e-04
7.360206654993817210e-05
9.312024485552683473e-05
1.097279891837388277e-04
3.051917883567512035e-04
1.504812389612197876e-04
9.112538100453093648e-05
1.291559456149116158e-04
1.139503801823593676e-04
9.584004874341189861e-05
1.452063443139195442e-04
1.792588591342791915e-04
9.852980292635038495e-05
1.152158074546605349e-04
1.752373209455981851e-04
1.236301322933286428e-04
3.124352078884840012e-04
5.879760719835758209e-04
5.249610985629260540e-04
5.128594348207116127e-04
2.745402161963284016e-04
4.196685913484543562e-04
2.682536724023520947e-04
2.829185395967215300e-04
3.300072567071765661e-04
2.356103796046227217e-04
2.385155530646443367e-04
1.994360063690692186e-04
1.916043838718906045e-04
2.620732993818819523e-04
2.262733905809000134e-04
1.494807802373543382e-04
1.740065781632438302e-04
1.541058591101318598e-04
1.799950987333431840e-04
1.572548353578895330e-04
1.421702763764187694e-04
2.157533162971958518e-04
1.326516794506460428e-04
1.609988103155046701e-04
2.015063655562698841e-04
1.488087000325322151e-04
1.302151504205539823e-04
1.016754104057326913e-04
9.170897101284936070e-05
1.376674772473052144e-04
1.163228807854466140e-04
1.602586416993290186e-04
1.500736107118427753e-04
3.917528956662863493e-04
9.745030547492206097e-05
1.508753775851801038e-04
1.872227294370532036e-04
2.173128159483894706e-04
1.336212590103968978e-04
1.415969018125906587e-04
1.278460840694606304e-04
2.472798805683851242e-04
4.841575864702463150e-04
4.922486259602010250e-04
3.989640972577035427e-04
3.431499062571674585e-04
3.364963340573012829e-04
3.894045075867325068e-04
3.279853845015168190e-04
4.083407693542540073e-04
2.113979862770065665e-04
3.424403839744627476e-04
2.708949614316225052e-04
1.790949318092316389e-04
2.076205564662814140e-04
2.071274211630225182e-04
1.785688509698957205e-04
1.869502302724868059e-04
1.275299582630395889e-04
1.473104057367891073e-04
1.298545976169407368e-04
1.070221114787273109e-04
1.424615766154602170e-04
1.049533238983713090e-04
1.650249905651435256e-04
2.714419679250568151e-04
1.152929180534556508e-04
4.138430522289127111e-04
4.743755562230944633e-04
2.078892430290579796e-04
2.136633556801825762e-04
1.783368061296641827e-04
1.299556752201169729e-04
1.577577786520123482e-04
1.534412440378218889e-04
2.652642433531582355e-04
2.574730024207383394e-04
1.588493032613769174e-04
1.300064905080944300e-04
1.364897325402125716e-04
2.711863198783248663e-04
1.431172131560742855e-04
1.446887617930769920e-04
1.873906003311276436e-04
4.233227227814495564e-04
5.653152475133538246e-04
2.626491477712988853e-04
2.923087158706039190e-04
3.736068319994956255e-04
3.159904445055872202e-04
2.267495146952569485e-04
3.762014675885438919e-04
2.294502046424895525e-04
6.174666341394186020e-04
4.510366416070610285e-04
3.681689267978072166e-04
2.078480029013007879e-04
2.384905528742820024e-04
1.950778823811560869e-04
1.760741142788901925e-04
2.537206746637821198e-04
1.798827579477801919e-04
1.654702937230467796e-04
1.662432623561471701e-04
2.052784693660214543e-04
2.942307619377970695e-04
5.173335666768252850e-04
2.939029945991933346e-04
3.866639744956046343e-04
2.405262057436630130e-04
3.074133128393441439e-04
6.486131460405886173e-04
3.689491713885217905e-04
2.087532193399965763e-04
2.274362195748835802e-04
2.673005801625549793e-04
1.787269429769366980e-04
2.019452804233878851e-04
1.730901567498221993e-04
1.554193004267290235e-04
2.146119368262588978e-04
2.410214801784604788e-04
3.614521701820194721e-04
1.806847430998459458e-04
4.136160132475197315e-04
1.466727844672277570e-04
2.550544741097837687e-04
1.346531498711556196e-04
1.589924067957326770e-04
1.906233665067702532e-04
1.715206308290362358e-04
1.446145179215818644e-04
9.181566565530374646e-05
1.312820386374369264e-04
1.505494728917255998e-04
1.497706980444490910e-04
1.331941457465291023e-04
2.238447341369464993e-04
7.273943629115819931e-04
4.504504904616624117e-04
2.805724798236042261e-04
2.553287195041775703e-04
2.756192116066813469e-04
1.819859025999903679e-04
1.866995589807629585e-04
1.539697259431704879e-04
3.195618919562548399e-04
1.553998445160686970e-04
1.466151006752625108e-04
1.593173510627821088e-04
1.620051043573766947e-04
1.706374605419114232e-04
1.788942754501476884e-04
2.542928268667310476e-04
2.327729598619043827e-04
1.891280699055641890e-04
1.072118029696866870e-04
7.674048538319766521e-05
9.938534640241414309e-05
6.914205732755362988e-05
8.726877422304823995e-05
8.549039921490475535e-05
6.797177047701552510e-05
7.959092909004539251e-05
8.865693234838545322e-05
9.830017370404675603e-05
9.051444067154079676e-05
9.055728150997310877e-05
9.214615420205518603e-05
8.773681474849581718e-05
8.048580639297142625e-05
8.238811278715729713e-05
9.084094926947727799e-05
1.020842901198193431e-04
7.478670158889144659e-05
8.111925853881984949e-05
9.523658809484913945e-05
9.151790436590090394e-05
7.332561654038727283e-05
1.109520599129609764e-04
1.147552829934284091e-04
1.246001047547906637e-04
