4.314740188419818878e-03
7.569738198071718216e-03
4.738334100693464279e-03
9.544499218463897705e-03
1.072153821587562561e-02
1.557832956314086914e-02
1.613717526197433472e-02
1.582309789955615997e-02
1.514333952218294144e-02
1.562397833913564682e-02
1.114134397357702255e-02
1.010302174836397171e-02
9.407373145222663879e-03
1.120069995522499084e-02
1.039900165051221848e-02
1.272347290068864822e-02
1.139330957084894180e-02
1.323957648128271103e-02
1.153800822794437408e-02
1.001973170787096024e-02
7.661644835025072098e-03
8.821225725114345551e-03
9.730069898068904877e-03
1.057461649179458618e-02
6.577888038009405136e-03
1.122522354125976562e-02
1.084803417325019836e-02
7.896197959780693054e-03
8.382881060242652893e-03
1.068600267171859741e-02
9.651287458837032318e-03
9.707270190119743347e-03
8.041713386774063110e-03
9.962642565369606018e-03
9.448984637856483459e-03
7.041846401989459991e-03
5.926149897277355194e-03
1.313911657780408859e-02
9.793240576982498169e-03
8.809856139123439789e-03
7.813477888703346252e-03
6.986711639910936356e-03
7.193372119218111038e-03
8.129612542688846588e-03
7.835696451365947723e-03
6.533669307827949524e-03
9.264302439987659454e-03
7.778794970363378525e-03
9.654091671109199524e-03
9.008346125483512878e-03
8.339790627360343933e-03
9.750509634613990784e-03
6.731539964675903320e-03
7.200309541076421738e-03
8.389065042138099670e-03
4.200742579996585846e-03
8.878630585968494415e-03
8.431505411863327026e-03
7.141388487070798874e-03
6.371068302541971207e-03
7.203327026218175888e-03
8.112121373414993286e-03
7.317428011447191238e-03
6.298258900642395020e-03
8.292308077216148376e-03
6.416388321667909622e-03
7.083863485604524612e-03
7.400027941912412643e-03
7.697776425629854202e-03
6.512345280498266220e-03
6.020241416990756989e-03
5.800128448754549026e-03
7.919769734144210815e-03
5.341428332030773163e-03
5.225383676588535309e-03
6.706256885081529617e-03
6.023892201483249664e-03
7.246835622936487198e-03
6.349284201860427856e-03
7.150437217205762863e-03
6.384531967341899872e-03
6.682772655040025711e-03
4.884898196905851364e-03
3.890448482707142830e-03
4.638440441340208054e-03
5.389053840190172195e-03
5.186415277421474457e-03
5.013445392251014709e-03
3.568896558135747910e-03
4.488344304263591766e-03
4.617368802428245544e-03
4.253045190125703812e-03
2.988312859088182449e-03
3.361380659043788910e-03
4.071279894560575485e-03
4.757515154778957367e-03
4.665939137339591980e-03
3.571420675143599510e-03
6.417111959308385849e-03
3.911935724318027496e-03
4.523484501987695694e-03
4.422675352543592453e-03
4.672158043831586838e-03
4.778767004609107971e-03
3.623132361099123955e-03
5.187687464058399200e-03
4.271399695426225662e-03
4.353913012892007828e-03
3.684210125356912613e-03
3.553252201527357101e-03
3.836179617792367935e-03
3.797947196289896965e-03
3.848981810733675957e-03
2.503365976735949516e-03
2.730587031692266464e-03
2.996114548295736313e-03
2.246318617835640907e-03
3.029133658856153488e-03
3.355177119374275208e-03
3.629138227552175522e-03
2.035324461758136749e-03
2.812011865898966789e-03
2.576810307800769806e-03
2.721880096942186356e-03
3.205333370715379715e-03
3.432228229939937592e-03
3.776255296543240547e-03
3.679354442283511162e-03
3.966589458286762238e-03
3.206345718353986740e-03
2.069320762529969215e-03
2.284435322508215904e-03
3.636072855442762375e-03
4.107601940631866455e-03
3.673004917800426483e-03
1.923613715916872025e-03
2.778046997264027596e-03
2.169243060052394867e-03
3.078293753787875175e-03
3.118396038189530373e-03
2.768661594018340111e-03
2.387008629739284515e-03
2.783052390441298485e-03
2.521221991628408432e-03
3.324094926938414574e-03
1.520101097412407398e-03
2.448965096846222878e-03
3.005322534590959549e-03
4.013245459645986557e-03
3.791683819144964218e-03
2.016737824305891991e-03
2.310120267793536186e-03
1.940340967848896980e-03
2.118047559633851051e-03
1.848330255597829819e-03
2.078957622870802879e-03
3.779322840273380280e-03
2.406997140496969223e-03
3.133123740553855896e-03
3.637451445683836937e-03
1.991019351407885551e-03
1.890271902084350586e-03
2.051698509603738785e-03
2.566897543147206306e-03
2.082224236801266670e-03
1.912003732286393642e-03
1.526274252682924271e-03
1.749332528561353683e-03
1.781161990948021412e-03
1.754399738274514675e-03
1.965642208233475685e-03
1.429378869943320751e-03
2.095920732244849205e-03
2.114872448146343231e-03
6.729965680278837681e-04
2.222651848569512367e-03
2.558808540925383568e-03
1.170128700323402882e-03
1.640060218051075935e-03
1.884353463537991047e-03
2.300103660672903061e-03
1.309405546635389328e-03
1.909552956931293011e-03
1.659322530031204224e-03
1.531116664409637451e-03
2.043956192210316658e-03
2.388111781328916550e-03
1.279939897358417511e-03
1.780028687790036201e-03
8.535408414900302887e-04
1.591629232279956341e-03
1.363791059702634811e-03
5.443440284579992294e-03
2.650838112458586693e-03
3.325988305732607841e-03
2.669433131814002991e-03
2.024101093411445618e-03
1.670732512138783932e-03
1.774570439010858536e-03
2.406323095783591270e-03
1.227358938194811344e-03
1.152128679677844048e-03
1.567823579534888268e-03
1.589793362654745579e-03
1.779124839231371880e-03
1.987906405702233315e-03
2.877820050343871117e-03
1.712795230560004711e-03
2.045750385150313377e-03
1.727383001707494259e-03
1.598136266693472862e-03
1.509402063675224781e-03
1.956432126462459564e-03
2.025482011958956718e-03
1.504240906797349453e-03
9.517719736322760582e-04
1.494758413173258305e-03
1.484464155510067940e-03
1.306469319388270378e-03
1.819212688133120537e-03
1.680844696238636971e-03
2.473153406754136086e-03
1.455909805372357368e-03
3.261627862229943275e-03
1.856862567365169525e-03
2.374134259298443794e-03
1.428043120540678501e-03
9.050191729329526424e-04
2.031979616731405258e-03
1.304618548601865768e-03
2.430816181004047394e-03
1.095599494874477386e-03
9.509485098533332348e-04
1.069447607733309269e-03
3.727677511051297188e-03
2.108973218128085136e-03
2.208466874435544014e-03
1.111043267883360386e-03
1.625305158086121082e-03
1.699120271950960159e-03
1.818369142711162567e-03
2.198017435148358345e-03
1.589719904586672783e-03
1.249357941560447216e-03
2.317869104444980621e-03
3.046978963539004326e-03
1.741948770359158516e-03
1.932600280269980431e-03
1.820835866965353489e-03
2.167912665754556656e-03
2.273478312417864799e-03
2.386303618550300598e-03
1.524434541352093220e-03
1.656573964282870293e-03
1.126277958974242210e-03
2.039204584434628487e-03
2.035462530329823494e-03
1.285419217310845852e-03
1.712219673208892345e-03
2.513845916837453842e-03
1.080777263268828392e-03
1.808624016121029854e-03
9.200318017974495888e-04
1.519843470305204391e-03
9.183272486552596092e-04
1.578942290507256985e-03
2.537365071475505829e-03
1.530307694338262081e-03
1.637619454413652420e-03
1.429350581020116806e-03
1.503142411820590496e-03
1.564356964081525803e-03
1.844598795287311077e-03
9.458225686103105545e-04
7.718793931417167187e-04
1.285553677007555962e-03
1.295764115639030933e-03
2.162555465474724770e-03
1.402389258146286011e-03
1.394764054566621780e-03
2.215734915807843208e-03
1.520645804703235626e-03
2.195575041696429253e-03
1.383405877277255058e-03
1.524859573692083359e-03
1.529561704955995083e-03
1.303188852034509182e-03
7.408609380945563316e-04
9.896911215037107468e-04
1.201528706587851048e-03
2.674259245395660400e-03
9.438018314540386200e-04
1.183627406135201454e-03
1.747444272041320801e-03
1.665170188061892986e-03
1.438108389265835285e-03
8.995177340693771839e-04
1.252454123459756374e-03
1.776081160642206669e-03
1.591130159795284271e-03
5.882761906832456589e-04
9.613059228286147118e-04
7.742342422716319561e-04
6.911982782185077667e-04
9.188628755509853363e-04
1.346606062725186348e-03
9.941556490957736969e-04
5.056038498878479004e-04
1.033333130180835724e-03
1.554822665639221668e-03
1.260864548385143280e-03
1.278664916753768921e-03
1.989135518670082092e-03
2.008463954553008080e-03
1.418688450939953327e-03
1.899888971820473671e-03
1.673947088420391083e-03
1.603124313987791538e-03
1.548099098727107048e-03
1.613451982848346233e-03
1.859186450019478798e-03
8.957927930168807507e-04
1.625923672690987587e-03
1.363212009891867638e-03
2.276217332109808922e-03
1.410958473570644855e-03
1.734210993163287640e-03
1.422782544977962971e-03
1.130941556766629219e-03
8.786264224909245968e-04
1.030055107548832893e-03
1.141805551014840603e-03
8.651746902614831924e-04
1.037490321323275566e-03
8.112583891488611698e-04
8.632628014311194420e-04
8.143836166709661484e-04
1.419590320438146591e-03
9.061068412847816944e-04
8.585751056671142578e-04
7.382985786534845829e-04
1.037722569890320301e-03
1.366959651932120323e-03
1.029743230901658535e-03
1.225338666699826717e-03
1.264058053493499756e-03
1.254901173524558544e-03
1.696502091363072395e-03
2.067215507850050926e-03
1.682865316979587078e-03
1.596315647475421429e-03
1.013172324746847153e-03
8.013762999325990677e-04
1.041572657413780689e-03
1.163671142421662807e-03
1.118114800192415714e-03
1.477365149185061455e-03
1.378934946842491627e-03
8.663674234412610531e-04
1.698914915323257446e-03
1.774526434019207954e-03
1.871904009021818638e-03
1.313906745053827763e-03
7.800683379173278809e-04
1.410575117915868759e-03
1.603537704795598984e-03
6.750000175088644028e-04
7.932422449812293053e-04
9.224098175764083862e-04
7.808259688317775726e-04
7.850719266571104527e-04
9.175118757411837578e-04
1.129664015024900436e-03
1.123140333220362663e-03
8.329211850650608540e-04
7.514929166063666344e-04
8.780522039160132408e-04
9.664979297667741776e-04
1.622573006898164749e-03
1.148873241618275642e-03
1.288538333028554916e-03
1.077634748071432114e-03
5.946432356722652912e-04
1.301739364862442017e-03
1.250119064934551716e-03
8.576602558605372906e-04
9.241396328434348106e-04
4.170194733887910843e-04
1.004771678708493710e-03
1.098103821277618408e-03
9.729172452352941036e-04
4.011013370472937822e-04
8.412931347265839577e-04
6.844936870038509369e-04
1.042986637912690639e-03
1.553278532810509205e-03
7.417024462483823299e-04
6.629010895267128944e-04
9.711640304885804653e-04
1.093327533453702927e-03
7.237207028083503246e-04
8.272499544546008110e-04
1.125350478105247021e-03
7.751092198304831982e-04
1.070586498826742172e-03
1.460185972973704338e-03
8.013956830836832523e-04
1.137401792220771313e-03
9.529241360723972321e-04
1.303186407312750816e-03
6.101090693846344948e-04
1.764317275956273079e-03
1.203528372570872307e-03
1.045579789206385612e-03
1.333808642812073231e-03
8.920307736843824387e-04
5.149806383997201920e-04
1.027229125611484051e-03
1.236881944350898266e-03
9.129960089921951294e-04
5.781599320471286774e-04
9.392243809998035431e-04
1.122816116549074650e-03
6.913945544511079788e-04
7.776399725116789341e-04
6.487319478765130043e-04
1.056175795383751392e-03
9.228725684806704521e-04
5.383545067161321640e-04
9.681999799795448780e-04
1.064205425791442394e-03
1.340904971584677696e-03
8.523878641426563263e-04
1.038342365063726902e-03
6.994360592216253281e-04
1.384827657602727413e-03
8.291633566841483116e-04
1.934146392159163952e-03
1.485612709075212479e-03
1.089313067495822906e-03
8.624927722848951817e-04
7.886417442932724953e-04
8.725041407160460949e-04
9.576670126989483833e-04
8.786115213297307491e-04
6.234389729797840118e-04
1.034365268424153328e-03
8.496514055877923965e-04
9.873318485915660858e-04
6.670883158221840858e-04
1.605476834811270237e-03
9.768197778612375259e-04
1.909699174575507641e-03
1.203197985887527466e-03
7.471168646588921547e-04
8.245195494964718819e-04
5.335860187187790871e-04
1.018882147036492825e-03
8.181349257938563824e-04
1.303163357079029083e-03
1.244403072632849216e-03
1.184182590804994106e-03
1.064280397258698940e-03
1.108094467781484127e-03
9.004290332086384296e-04
1.712811295874416828e-03
1.017913804389536381e-03
1.659671543166041374e-03
6.794255459681153297e-04
6.820119451731443405e-04
2.422700170427560806e-03
1.780925784260034561e-03
1.572114881128072739e-03
8.971462375484406948e-04
1.138364081270992756e-03
1.988349948078393936e-03
9.447087068110704422e-04
1.065401243977248669e-03
8.849252481013536453e-04
7.216082303784787655e-04
6.788703612983226776e-04
6.714649498462677002e-04
8.778003393672406673e-04
1.313622575253248215e-03
1.164653571322560310e-03
1.567869796417653561e-03
7.846012595109641552e-04
8.666596841067075729e-04
1.682157628238201141e-03
7.705416064709424973e-04
8.496277732774615288e-04
7.770222146064043045e-04
9.719505906105041504e-04
7.362265605479478836e-04
8.525407174602150917e-04
9.161829366348683834e-04
8.160949219018220901e-04
9.879868011921644211e-04
1.133829820901155472e-03
2.627260750159621239e-03
1.849842374213039875e-03
1.776304794475436211e-03
1.114086597226560116e-03
1.026457990519702435e-03
1.181878498755395412e-03
1.885654521174728870e-03
9.327901643700897694e-04
1.088820397853851318e-03
5.042478442192077637e-04
9.891445515677332878e-04
1.297167968004941940e-03
1.124735921621322632e-03
8.225839119404554367e-04
7.739907014183700085e-04
6.418962730094790459e-04
9.700320078991353512e-04
1.143344794400036335e-03
1.166098169051110744e-03
6.963309715501964092e-04
7.972698076628148556e-04
7.751719094812870026e-04
1.246648374944925308e-03
6.484046461991965771e-04
1.186524168588221073e-03
1.211912371218204498e-03
1.441757776774466038e-03
1.363634015433490276e-03
1.111879711970686913e-03
7.619072566740214825e-04
5.960999988019466400e-04
1.120494678616523743e-03
1.183723681606352329e-03
8.738650940358638763e-04
1.037965528666973114e-03
1.244468730874359608e-03
8.598648128099739552e-04
6.186643731780350208e-04
6.909425719641149044e-04
5.864027189090847969e-04
7.299477001652121544e-04
4.245290183462202549e-04
9.559957543388009071e-04
8.523660944774746895e-04
9.593730210326611996e-04
7.392067345790565014e-04
1.642189803533256054e-03
4.729555803351104259e-04
9.811285417526960373e-04
1.248400774784386158e-03
8.549105841666460037e-04
7.224772125482559204e-04
6.811504135839641094e-04
9.412930812686681747e-04
1.646588556468486786e-03
1.289228792302310467e-03
1.168157788924872875e-03
7.318542920984327793e-04
7.885175291448831558e-04
8.791168220341205597e-04
6.287521682679653168e-04
1.045500393956899643e-03
1.139301573857665062e-03
1.085069146938621998e-03
1.124783535487949848e-03
7.961154915392398834e-04
1.293434062972664833e-03
7.459183107130229473e-04
9.336472139693796635e-04
1.048312988132238388e-03
6.923736655153334141e-04
9.316399227827787399e-04
8.665516506880521774e-04
1.310264575295150280e-03
1.305907499045133591e-03
1.121107721701264381e-03
4.591955221258103848e-04
8.481401018798351288e-04
7.941971998661756516e-04
2.093160990625619888e-03
2.122447593137621880e-03
1.469479408115148544e-03
9.002441656775772572e-04
8.344898233190178871e-04
1.285878475755453110e-03
7.918453775346279144e-04
7.810816750861704350e-04
1.160020241513848305e-03
1.013174536637961864e-03
1.516879303380846977e-03
1.282868790440261364e-03
1.503301085904240608e-03
1.087818178348243237e-03
1.214204123243689537e-03
1.055015716701745987e-03
1.017631031572818756e-03
6.608483381569385529e-04
1.039618160575628281e-03
9.105727658607065678e-04
4.617160593625158072e-04
5.445017013698816299e-04
6.824576994404196739e-04
1.115690451115369797e-03
9.450580691918730736e-04
7.745388429611921310e-04
1.042041229084134102e-03
5.101689603179693222e-04
8.804870303720235825e-04
1.321453717537224293e-03
9.842526633292436600e-04
1.040656701661646366e-03
9.199210326187312603e-04
1.467032125219702721e-03
5.151407094672322273e-04
1.250345841981470585e-03
4.032867436762899160e-04
7.346716593019664288e-04
8.736157324165105820e-04
6.767940358258783817e-04
8.315958548337221146e-04
7.062682416290044785e-04
1.116212573833763599e-03
6.432802183553576469e-04
4.005898081231862307e-04
4.572110192384570837e-04
6.081741303205490112e-04
1.400546752847731113e-03
9.024166502058506012e-04
1.060834736563265324e-03
1.724476809613406658e-03
1.085074502043426037e-03
8.043951820582151413e-04
3.992343263234943151e-04
7.196696242317557335e-04
9.536902653053402901e-04
1.593480585142970085e-03
8.728026878088712692e-04
1.288067433051764965e-03
1.102586858905851841e-03
1.084697199985384941e-03
5.271091940812766552e-04
8.067747694440186024e-04
8.351093274541199207e-04
1.155736972577869892e-03
7.189929601736366749e-04
7.281279540620744228e-04
1.108431257307529449e-03
2.744548721238970757e-03
7.361426833085715771e-04
6.734718335792422295e-04
5.482573178596794605e-04
6.252779858186841011e-04
6.748033920302987099e-04
1.062219263985753059e-03
6.639392813667654991e-04
4.987519350834190845e-04
5.345507524907588959e-04
7.721018046140670776e-04
7.134702173061668873e-04
9.270717273466289043e-04
6.386894965544342995e-04
7.878876640461385250e-04
8.545626769773662090e-04
8.299706387333571911e-04
1.746448106132447720e-03
1.121311914175748825e-03
7.294137030839920044e-04
6.377887912094593048e-04
5.446700961329042912e-04
5.353078013285994530e-04
7.181585533544421196e-04
7.730436045676469803e-04
1.006403937935829163e-03
9.400550043210387230e-04
5.792806041426956654e-04
6.900756852701306343e-04
1.368062687106430531e-03
1.276191440410912037e-03
9.298428194597363472e-04
9.509599185548722744e-04
7.574612391181290150e-04
7.039828342385590076e-04
4.824399948120117188e-04
5.399817018769681454e-04
5.546220927499234676e-04
8.443541591987013817e-04
1.235556788742542267e-03
8.226088248193264008e-04
9.194081067107617855e-04
1.098460867069661617e-03
6.463524186983704567e-04
9.472231613472104073e-04
8.586602634750306606e-04
1.239059609360992908e-03
5.355429602786898613e-04
4.654821241274476051e-04
7.918413612060248852e-04
6.554856081493198872e-04
9.291495662182569504e-04
9.929292136803269386e-04
9.784167632460594177e-04
9.110078099183738232e-04
7.702519069425761700e-04
9.162485366687178612e-04
1.136452192440629005e-03
7.095695473253726959e-04
1.040280913002789021e-03
8.815369801595807076e-04
6.855593528598546982e-04
5.186146590858697891e-04
5.990320933051407337e-04
7.496644393540918827e-04
1.931709237396717072e-03
1.168075134046375751e-03
7.309011998586356640e-04
8.584989700466394424e-04
6.024636095389723778e-04
9.390517370775341988e-04
1.267666346393525600e-03
7.171260658651590347e-04
8.945422014221549034e-04
6.548581877723336220e-04
6.964289932511746883e-04
7.523581152781844139e-04
8.787482511252164841e-04
5.109196063131093979e-04
5.664773052558302879e-04
4.849193210247904062e-04
7.523802923969924450e-04
6.278823129832744598e-04
1.048557111062109470e-03
5.384428077377378941e-04
9.993984131142497063e-04
7.056115427985787392e-04
1.028666622005403042e-03
7.733590318821370602e-04
9.504585177637636662e-04
6.727629806846380234e-04
8.575207903049886227e-04
4.810279642697423697e-04
4.249182820785790682e-04
1.297235954552888870e-03
6.082136533223092556e-04
3.878254792653024197e-04
3.866453480441123247e-04
1.106209121644496918e-03
4.789482336491346359e-04
7.337437709793448448e-04
4.188198654446750879e-04
5.273682181723415852e-04
4.110540321562439203e-04
1.098716049455106258e-03
1.034701825119554996e-03
9.220667998306453228e-04
1.498814788646996021e-03
8.452819311060011387e-04
1.658257213421165943e-03
2.195315319113433361e-04
2.480361144989728928e-04
5.269299144856631756e-04
4.237332323100417852e-04
3.364700824022293091e-04
6.947490037418901920e-04
4.463295626919716597e-04
1.055836793966591358e-03
3.872077504638582468e-04
2.178226568503305316e-04
2.574303071014583111e-04
2.954859519377350807e-04
5.519319092854857445e-04
3.333877539262175560e-04
6.140475161373615265e-04
8.289047982543706894e-04
7.058365736156702042e-04
3.968768287450075150e-04
6.156629533506929874e-04
4.660655686166137457e-04
4.111153539270162582e-04
3.165374801028519869e-04
7.490768330171704292e-04
4.676196258515119553e-04
7.001616759225726128e-04
1.723858760669827461e-03
1.403691479936242104e-03
9.842546423897147179e-04
4.189485916867852211e-04
3.911119420081377029e-04
4.912182921543717384e-04
9.875523392111063004e-04
1.079906709492206573e-03
3.317376249469816685e-04
1.033720443956553936e-03
4.021736676804721355e-04
3.110459947492927313e-04
3.835288807749748230e-04
1.835316419601440430e-03
6.361745181493461132e-04
1.699535991065204144e-03
8.395843324251472950e-04
6.613593432120978832e-04
4.875423037447035313e-04
7.063344819471240044e-04
7.247952162288129330e-04
5.224753404036164284e-04
4.901857464574277401e-04
5.711560952477157116e-04
4.886543611064553261e-04
8.238113950937986374e-04
2.725145313888788223e-04
6.199719500727951527e-04
1.116587780416011810e-03
7.131075253710150719e-04
3.963705967180430889e-04
4.258641565684229136e-04
5.727669922634959221e-04
8.326526149176061153e-04
8.816109038889408112e-04
6.214085733518004417e-04
2.986983163282275200e-04
5.317270988598465919e-04
5.682692863047122955e-04
9.094959241338074207e-04
1.016843481920659542e-03
3.362208371981978416e-04
9.166133240796625614e-04
5.118178669363260269e-04
7.208671304397284985e-04
6.376735982485115528e-04
7.433343562297523022e-04
6.280282395891845226e-04
9.288127184845507145e-04
8.947381866164505482e-04
9.664720273576676846e-04
4.044092493131756783e-04
4.991815076209604740e-04
8.289873367175459862e-04
8.235524874180555344e-04
8.063293062150478363e-04
7.300567813217639923e-04
7.441806956194341183e-04
4.699733399320393801e-04
8.709229296073317528e-04
8.874104241840541363e-04
5.979518755339086056e-04
1.294098328799009323e-03
8.858356741257011890e-04
9.088595979847013950e-04
1.071215490810573101e-03
7.429075194522738457e-04
7.097920170053839684e-04
5.746954702772200108e-04
8.222747128456830978e-04
9.353404748253524303e-04
7.470849668607115746e-04
1.090871170163154602e-03
8.054107311181724072e-04
7.616132497787475586e-04
6.357997772283852100e-04
4.231786297168582678e-04
6.047544302418828011e-04
5.117712425999343395e-04
5.603780737146735191e-04
8.542747236788272858e-04
5.258303717710077763e-04
3.186657559126615524e-04
1.006117789074778557e-03
8.652452379465103149e-04
5.634037661366164684e-04
1.519828685559332371e-03
7.995184278115630150e-04
6.102537154220044613e-04
4.168206942267715931e-04
6.724484846927225590e-04
6.772016058675944805e-04
4.623345157597213984e-04
6.136872107163071632e-04
9.881218429654836655e-04
1.107715652324259281e-03
2.162286778911948204e-03
1.923244330100715160e-03
1.897515030577778816e-03
6.913405377417802811e-04
6.541077746078372002e-04
9.998590685427188873e-04
7.591237081214785576e-04
2.579922147560864687e-04
5.687082302756607533e-04
7.635513902641832829e-04
7.330863154493272305e-04
1.138036721386015415e-03
1.074265106581151485e-03
1.094191917218267918e-03
1.601071562618017197e-03
5.663972115144133568e-04
1.110443845391273499e-03
2.031586132943630219e-03
3.285607788711786270e-03
8.411286980845034122e-04
7.273854571394622326e-04
3.932511317543685436e-04
6.113902200013399124e-04
4.146482388023287058e-04
1.551881548948585987e-03
2.711193519644439220e-04
4.555168852675706148e-04
5.384723772294819355e-04
9.996793232858181000e-04
1.078338711522519588e-03
5.782158696092665195e-04
1.490551047027111053e-03
5.350948777049779892e-04
1.166165457107126713e-03
6.098057492636144161e-04
1.647118595428764820e-03
1.757328864187002182e-03
9.141960763372480869e-04
2.724589081481099129e-03
1.024536089971661568e-03
4.111040325369685888e-04
6.721466197632253170e-04
1.650365768000483513e-03
7.961818482726812363e-04
1.711327233351767063e-03
6.715396884828805923e-04
8.680606842972338200e-04
5.192633252590894699e-04
8.530512568540871143e-04
1.111609395593404770e-03
6.116061122156679630e-04
7.361214375123381615e-04
1.210657530464231968e-03
1.358556444756686687e-03
1.098464126698672771e-03
1.090708654373884201e-03
8.195338305085897446e-04
6.828308687545359135e-04
8.348072879016399384e-04
9.508214425295591354e-04
4.072505689691752195e-04
2.686343214008957148e-04
3.567603125702589750e-04
7.306158076971769333e-04
2.312793367309495807e-04
4.315713886171579361e-04
9.978247107937932014e-04
6.547295488417148590e-04
9.331251494586467743e-04
1.797477598302066326e-03
1.416335813701152802e-03
4.824739589821547270e-04
6.519241142086684704e-04
8.061433327384293079e-04
1.428796094842255116e-03
3.457850543782114983e-04
4.420530167408287525e-04
1.042370917275547981e-03
8.127074106596410275e-04
1.052842708304524422e-03
5.671010585501790047e-04
6.170671549625694752e-04
6.717560463584959507e-04
1.445516594685614109e-03
9.899050928652286530e-04
7.562873652204871178e-04
1.856753835454583168e-03
6.509185768663883209e-04
8.616208215244114399e-04
3.572411078494042158e-04
3.531477705109864473e-04
3.411534707993268967e-04
4.782834148500114679e-04
8.868878358043730259e-04
1.043919124640524387e-03
1.553636975586414337e-03
9.596649324521422386e-04
9.732067119330167770e-04
2.347422414459288120e-04
4.089754365850239992e-04
2.613071992527693510e-04
7.977579371072351933e-04
4.899163031950592995e-04
3.374657535459846258e-04
2.847072610165923834e-04
9.700002265162765980e-04
1.239134464412927628e-03
4.880584892816841602e-04
2.387269632890820503e-03
6.270827143453061581e-04
1.185192610137164593e-03
6.941109313629567623e-04
1.859443960711359978e-03
1.985663315281271935e-03
9.142504422925412655e-04
1.537727657705545425e-03
1.111809513531625271e-03
5.878234514966607094e-04
6.579538458026945591e-04
3.658894216641783714e-03
6.328680319711565971e-04
9.302808321081101894e-04
8.274649153463542461e-04
1.062497613020241261e-03
4.568611911963671446e-04
6.625417154282331467e-04
7.060337229631841183e-04
7.930635474622249603e-04
5.159419379197061062e-04
8.348121773451566696e-04
8.958724793046712875e-04
3.529666282702237368e-04
7.464364171028137207e-04
4.547304415609687567e-04
4.002152127213776112e-04
2.525360614527016878e-04
4.955243784934282303e-04
1.995552331209182739e-03
7.335926638916134834e-04
1.696133520454168320e-03
4.844432405661791563e-04
4.633186326827853918e-04
6.695594638586044312e-04
7.126493146643042564e-04
1.059872680343687534e-03
6.509652594104409218e-04
1.272605033591389656e-03
7.072354783304035664e-04
7.757864077575504780e-04
4.338502767495810986e-04
5.945937591604888439e-04
4.160356766078621149e-04
8.144759340211749077e-04
5.377648631110787392e-04
4.076943441759794950e-04
5.057411617599427700e-04
5.563554004766047001e-04
8.712783455848693848e-04
4.492646548897027969e-04
3.643855161499232054e-04
3.823612350970506668e-04
6.234520114958286285e-04
4.387718508951365948e-04
8.072998607531189919e-04
6.950524402782320976e-04
5.125252064317464828e-04
5.148702766746282578e-04
3.927040088456124067e-04
6.233464227989315987e-04
2.907489251811057329e-04
1.680966670392081141e-04
2.165440673707053065e-04
4.110694280825555325e-04
3.908732614945620298e-04
5.080310511402785778e-04
9.822892025113105774e-04
3.847723128274083138e-04
5.840908270329236984e-04
5.303574725985527039e-04
3.701863461174070835e-04
1.029075123369693756e-03
1.008096965961158276e-03
1.227385713718831539e-03
3.239875659346580505e-04
4.347308422438800335e-04
4.432766872923821211e-04
9.135708678513765335e-04
5.809854483231902122e-04
5.096980021335184574e-04
4.387493827380239964e-04
6.118681048974394798e-04
2.495915105100721121e-04
5.807057023048400879e-04
6.709450390189886093e-04
4.365740460343658924e-04
6.331581389531493187e-04
8.479889947921037674e-04
5.680675967596471310e-04
1.140875043347477913e-03
9.629848646000027657e-04
5.019498057663440704e-04
2.730853448156267405e-04
3.009316569659858942e-04
3.681424714159220457e-04
7.059249328449368477e-04
8.510135230608284473e-04
4.641638079192489386e-04
3.884663165081292391e-04
1.205313485115766525e-03
6.108622765168547630e-04
3.722328983712941408e-04
6.431218935176730156e-04
3.755257639568299055e-04
5.973504157736897469e-04
7.877961616031825542e-04
7.775500416755676270e-04
5.293235299177467823e-04
9.534896817058324814e-04
5.472195334732532501e-04
3.598925541155040264e-04
2.976022951770573854e-04
2.570010838098824024e-04
4.580336390063166618e-04
1.119261374697089195e-03
1.041373121552169323e-03
6.698274519294500351e-04
8.846359560266137123e-04
4.670215712394565344e-04
2.126942417817190289e-04
7.949922000989317894e-04
1.646230113692581654e-03
8.439237135462462902e-04
9.934403933584690094e-04
3.992061247117817402e-04
7.460760534740984440e-04
4.753928515128791332e-04
3.128495300188660622e-04
5.970759084448218346e-04
7.627293234691023827e-04
7.250982453115284443e-04
9.051757515408098698e-04
5.826021078974008560e-04
4.226976598147302866e-04
2.160695585189387202e-04
2.032740158028900623e-04
4.748005303554236889e-04
4.319386789575219154e-04
2.453449124004691839e-04
3.460830776020884514e-04
7.237617392092943192e-04
7.420158362947404385e-04
1.741177169606089592e-03
2.463673707097768784e-03
1.000227523036301136e-03
5.010324530303478241e-04
4.600592656061053276e-04
5.947458557784557343e-04
5.752100259996950626e-04
5.219531594775617123e-04
4.596474464051425457e-04
9.985985234379768372e-04
9.836315875872969627e-04
7.373105618171393871e-04
6.386084132827818394e-04
5.943987634964287281e-04
4.571590106934309006e-04
2.879165695048868656e-04
7.449913537129759789e-04
7.201302214525640011e-04
3.388916957192122936e-04
6.185202510096132755e-04
1.179429702460765839e-03
2.230306854471564293e-04
5.918033421039581299e-04
1.090094097889959812e-03
5.147369811311364174e-04
1.507207052782177925e-03
1.490805647335946560e-03
5.329424166120588779e-04
4.296977131161838770e-04
5.196798010729253292e-04
7.786506903357803822e-04
4.185471334494650364e-04
1.095044892281293869e-03
2.646332141011953354e-04
4.970671725459396839e-04
3.138978499919176102e-04
1.764699467457830906e-03
8.839497459121048450e-04
2.435975708067417145e-03
1.139343366958200932e-03
4.985616542398929596e-04
2.259109605802223086e-04
3.134129801765084267e-04
5.705113289877772331e-04
4.364805063232779503e-04
4.536648339126259089e-04
3.088943194597959518e-04
3.654132888186722994e-04
3.616058966144919395e-04
6.125177606008946896e-04
4.980451776646077633e-04
4.117501084692776203e-04
8.676975267007946968e-04
9.270730661228299141e-04
3.280148142948746681e-03
1.043449388816952705e-03
1.282980781979858875e-03
7.671426865272223949e-04
4.462102078832685947e-04
5.136296385899186134e-04
1.239562523551285267e-03
3.162863722536712885e-04
7.741039735265076160e-04
1.051693689078092575e-03
1.119416556321084499e-03
5.239918245933949947e-04
5.096887471154332161e-04
1.267100451514124870e-03
4.013945872429758310e-04
1.593281049281358719e-03
3.726410504896193743e-04
4.363654588814824820e-04
2.070211776299402118e-04
7.908591651357710361e-04
7.636256632395088673e-04
6.594644510187208652e-04
9.940831223502755165e-04
8.170099463313817978e-04
4.351740644779056311e-04
1.536907395347952843e-03
8.122355211526155472e-04
5.474183126352727413e-04
3.086996730417013168e-04
1.950318692252039909e-04
2.690991677809506655e-04
3.465837507974356413e-04
2.711556153371930122e-04
3.003982128575444221e-04
1.208828995004296303e-03
1.124372589401900768e-03
7.571501773782074451e-04
4.886214155703783035e-04
5.252405535429716110e-04
7.765389746055006981e-04
6.867172778584063053e-04
5.426285206340253353e-04
2.475267392583191395e-04
4.166393482591956854e-04
3.870664222631603479e-04
7.652507629245519638e-04
1.604153803782537580e-04
3.936029970645904541e-04
6.530145765282213688e-04
2.027168084168806672e-04
9.577572927810251713e-05
1.269895728910341859e-04
7.573631592094898224e-05
5.661985414917580783e-05
1.281264558201655746e-04
1.246793108293786645e-04
8.326666284119710326e-05
1.046990437316708267e-04
1.075710242730565369e-04
1.108846336137503386e-04
1.214981821249239147e-04
1.607395533937960863e-04
1.141340908361598849e-04
1.233174552908167243e-04
9.566811058903113008e-05
7.319649012060835958e-05
1.520476507721468806e-04
1.608978200238198042e-04
2.155523252440616488e-04
1.947064447449520230e-04
2.017691149376332760e-04
1.023828735924325883e-04
7.649384497199207544e-05
1.066492986865341663e-04
1.519201323390007019e-04
1.187826565001159906e-04
1.344788324786350131e-04
1.481042272644117475e-04
2.113270020345225930e-04
2.322005893802270293e-04
1.636094384593889117e-04
1.956517226062715054e-04
1.473804732086136937e-04
1.690650242380797863e-04
5.385722033679485321e-04
2.017750521190464497e-04
1.729150098981335759e-04
1.821940531954169273e-04
1.143343906733207405e-04
1.824290520744398236e-04
1.891257998067885637e-04
1.800474274205043912e-04
1.529952569399029016e-04
1.171440089819952846e-04
3.959696041420102119e-04
2.047537127509713173e-04
1.533918111817911267e-04
2.237590961158275604e-04
1.141173488576896489e-04
2.100482233799993992e-04
7.921198994154110551e-05
1.187918023788370192e-04
3.121214685961604118e-04
2.761126670520752668e-04
1.272362569579854608e-04
2.080813428619876504e-04
1.253144582733511925e-04
1.839863107306882739e-04
2.497352543286979198e-04
2.232539118267595768e-04
1.443807122996076941e-04
1.167352311313152313e-04
8.646701462566852570e-05
1.160065294243395329e-04
1.669030752964317799e-04
1.564541453262791038e-04
2.483509597368538380e-04
1.424788788426667452e-04
3.384230949450284243e-04
3.475371049717068672e-04
1.533999020466580987e-04
1.103481918107718229e-04
1.926738332258537412e-04
1.178041275124996901e-04
1.191359115182422101e-04
1.595993380760774016e-04
2.757190086413174868e-04
7.069560524541884661e-05
1.585993741173297167e-04
2.725101949181407690e-04
2.231259713880717754e-04
2.186366182286292315e-04
8.018104563234373927e-05
1.280507858609780669e-04
2.655192220117896795e-04
1.156397629529237747e-04
1.784157939255237579e-04
7.338204159168526530e-05
1.430367847206071019e-04
3.015988040715456009e-04
2.428503357805311680e-04
1.225590676767751575e-04
1.369641104247421026e-04
8.775695459917187691e-05
1.440229825675487518e-04
2.418894291622564197e-04
3.493413096293807030e-04
1.299456489505246282e-04
2.153154637198895216e-04
1.630477636354044080e-04
2.597405109554529190e-04
2.348000998608767986e-04
4.038068582303822041e-04
2.108799671987071633e-04
2.080197300529107451e-04
1.774750999175012112e-04
1.202438506879843771e-04
1.433412107871845365e-04
1.295332913286983967e-04
7.890499546192586422e-05
1.179656828753650188e-04
8.948642789619043469e-05
1.232254726346582174e-04
1.794770505512133241e-04
2.195435081375762820e-04
2.970760688185691833e-04
1.923287054523825645e-04
9.788331226445734501e-05
1.349147933069616556e-04
1.445755042368546128e-04
2.077846002066507936e-04
2.741775242611765862e-04
4.573429469019174576e-04
1.394097344018518925e-04
2.695488510653376579e-04
1.520129735581576824e-04
2.120685530826449394e-04
1.027762991725467145e-04
2.198993461206555367e-04
1.219864061567932367e-04
1.638735120650380850e-04
1.772567629814147949e-04
3.755278885364532471e-04
9.503601177129894495e-05
1.908160338643938303e-04
1.008033286780118942e-04
1.836811716202646494e-04
1.041939831338822842e-04
1.872204593382775784e-04
1.983259571716189384e-04
8.237056317739188671e-05
5.357629561331123114e-05
1.004202567855827510e-04
4.149528103880584240e-04
1.788501394912600517e-04
1.333528780378401279e-04
1.552664325572550297e-04
1.873278961284086108e-04
9.110675455303862691e-05
8.840312511892989278e-05
1.015112284221686423e-04
4.398283781483769417e-04
1.738163700792938471e-04
1.747586939018219709e-04
9.047349158208817244e-05
1.136587088694795966e-04
6.195609603310003877e-05
6.838899571448564529e-05
9.949938976205885410e-05
1.118276559282094240e-04
8.189180516637861729e-05
1.858544128481298685e-04
2.153277600882574916e-04
1.462827203795313835e-04
7.046382961561903358e-05
1.505644177086651325e-04
3.107684315182268620e-04
3.389835474081337452e-04
3.235720505472272635e-04
8.854528277879580855e-05
7.330169319175183773e-05
1.462952495785430074e-04
6.477336137322708964e-05
9.409581252839416265e-05
2.457588270772248507e-04
1.860612101154401898e-04
4.571725730784237385e-05
6.556622975040227175e-05
6.885491893626749516e-05
6.544974166899919510e-04
4.627839953172951937e-04
2.090879715979099274e-04
1.536397903691977262e-04
1.226643653353676200e-04
2.551879733800888062e-04
1.659085828578099608e-04
1.135204365709796548e-04
1.325443736277520657e-04
2.567298361100256443e-04
1.669143384788185358e-04
1.614922075532376766e-04
1.659143745200708508e-04
9.518901060800999403e-05
9.213208977598696947e-05
1.183394706458784640e-04
8.229622471844777465e-05
8.520831033820286393e-05
5.708124808734282851e-05
8.445907587883993983e-05
5.664004493155516684e-05
8.925510337576270103e-05
8.782733493717387319e-05
1.421744091203436255e-04
8.947178139351308346e-05
7.576954521937295794e-05
7.920675125205889344e-05
6.031028169672936201e-05
8.386663830606266856e-05
1.836629526223987341e-04
1.156643775175325572e-04
7.269057095982134342e-05
7.813134288880974054e-05
1.191988776554353535e-04
2.002614346565678716e-04
3.868202620651572943e-04
5.963294825050979853e-05
1.519084762549027801e-04
5.872983092558570206e-05
1.288248458877205849e-04
1.211132694152183831e-04
1.102133392123505473e-04
2.432444307487457991e-04
5.037672235630452633e-04
2.830335870385169983e-04
2.079722034977748990e-04
7.523206295445561409e-05
1.703106827335432172e-04
7.241693674586713314e-05
6.657186168013140559e-05
2.940800623036921024e-04
1.288563798880204558e-04
1.182674677693285048e-04
1.620353723410516977e-04
1.039366397890262306e-04
6.794040382374078035e-05
7.391911640297621489e-05
5.873476766282692552e-05
6.491302337963134050e-05
4.082667146576568484e-05
1.314126566285267472e-04
8.187116327462717891e-05
6.313541234703734517e-05
1.141433822340331972e-04
7.425637159030884504e-05
2.913739590439945459e-04
1.287936465814709663e-04
2.219276939285919070e-04
3.861818404402583838e-04
2.480199909768998623e-04
1.888278493424877524e-04
1.294740650337189436e-04
4.292471276130527258e-04
1.301049051107838750e-04
1.471169962314888835e-04
9.205997048411518335e-05
6.985029904171824455e-05
1.295627153012901545e-04
1.395160361425951123e-04
4.991906098439358175e-05
1.191248084069229662e-04
1.631263439776375890e-04
7.453738362528383732e-05
1.040162023855373263e-04
7.677380199311301112e-05
1.471863361075520515e-04
1.726558111840859056e-04
1.290854852413758636e-04
1.164231798611581326e-04
7.081720832502469420e-05
8.781596261542290449e-05
1.187987218145281076e-04
1.128161384258419275e-04
1.043629454215988517e-04
7.628928142366930842e-05
1.108257638406939805e-04
7.713219383731484413e-05
9.770329052116721869e-05
9.618487092666327953e-05
7.764130714349448681e-05
9.069879888556897640e-05
3.677533823065459728e-04
1.457562786526978016e-03
3.800937847699970007e-04
3.469809016678482294e-04
1.767911453498527408e-04
1.063318486558273435e-04
9.128967940341681242e-05
1.244636223418638110e-04
2.457812370266765356e-04
1.914285676321014762e-04
1.124691043514758348e-04
1.302938617300242186e-04
5.957722532912157476e-05
1.113963880925439298e-04
7.357550202868878841e-05
5.178779247216880322e-05
1.233825605595484376e-04
1.107825519284233451e-04
1.197492529172450304e-04
8.827871351968497038e-05
7.148738222895190120e-05
1.098023712984286249e-04
6.810296326875686646e-05
7.893816655268892646e-05
6.179205229273065925e-05
6.767294689780101180e-05
9.260273509426042438e-05
7.779790757922455668e-05
1.444887311663478613e-04
1.657111570239067078e-04
1.244679442606866360e-04
5.556114774663001299e-05
8.978612459031865001e-05
7.375599670922383666e-05
1.688020129222422838e-04
2.709012769628316164e-04
4.074749012943357229e-04
6.245827535167336464e-05
6.795361696276813745e-05
5.157319901627488434e-05
4.352635369286872447e-05
7.777362043270841241e-05
1.068543861038051546e-04
7.033232395770028234e-05
4.302927118260413408e-05
5.764750312664546072e-05
9.653629967942833900e-05
1.465662062400951982e-04
5.584819155046716332e-05
1.008302933769300580e-04
1.308334030909463763e-04
1.324085169471800327e-04
8.041237015277147293e-04
3.169727569911628962e-04
3.452225355431437492e-04
8.190684020519256592e-04
4.400020116008818150e-04
2.350109134567901492e-04
9.080165182240307331e-05
8.150139910867437720e-05
1.022434880724176764e-04
8.239430462708696723e-05
3.875120819429866970e-05
5.966985918348655105e-05
1.492664450779557228e-04
7.360730523942038417e-05
6.456756818806752563e-05
8.520836854586377740e-05
6.554522406077012420e-05
9.468475036555901170e-05
1.006958482321351767e-04
3.237838245695456862e-05
1.572370529174804688e-04
7.267594628501683474e-05
6.727720028720796108e-05
1.153975608758628368e-04
1.129732409026473761e-04
7.868018292356282473e-05
1.341913884971290827e-04
6.903047324158251286e-05
2.889452152885496616e-04
8.098162652458995581e-05
8.741570491110906005e-05
1.334449480054900050e-04
1.785407366696745157e-04
1.585800200700759888e-04
1.786104257917031646e-04
2.401139790890738368e-04
1.106213676393963397e-04
1.457384933019056916e-04
1.663734437897801399e-04
1.944757095770910382e-04
7.070196443237364292e-05
9.921292803483083844e-05
1.875321904662996531e-04
1.018637340166606009e-04
9.832203068071976304e-05
4.218621688778512180e-05
5.190960655454546213e-05
6.425837636925280094e-05
6.112085975473746657e-05
6.504348857561126351e-05
4.175662979832850397e-05
8.792040171101689339e-05
5.826449341839179397e-05
6.891048542456701398e-05
5.287567182676866651e-05
1.611101761227473617e-04
4.894299127045087516e-05
5.266159860184416175e-05
4.514965257840231061e-05
5.949521437287330627e-05
6.614508311031386256e-05
4.324210385675542057e-05
1.664572046138346195e-04
8.566604083171114326e-05
1.762966567184776068e-04
6.973397830734029412e-05
3.200588980689644814e-04
4.995666677132248878e-04
1.726000919006764889e-04
8.710028487257659435e-05
7.573372568003833294e-05
8.298108150484040380e-05
5.739468906540423632e-05
4.735488619189709425e-05
8.299385808641090989e-05
1.628988102311268449e-04
1.257035910384729505e-04
5.384139876696281135e-05
6.675143959000706673e-05
7.177129737101495266e-05
3.241966987843625247e-05
5.128336488269269466e-05
9.718074579723179340e-05
8.155602699844166636e-05
5.102478462504222989e-05
1.831409899750724435e-04
6.237026536837220192e-05
1.109662989620119333e-04
5.389755460782907903e-05
7.398221350740641356e-05
1.549129228806123137e-04
2.594167599454522133e-04
2.889910247176885605e-04
2.987518673762679100e-04
1.556720526423305273e-04
9.217634942615404725e-05
1.737019483698531985e-04
8.576490654377266765e-05
1.888560655061155558e-04
1.619111571926623583e-04
9.029215289046987891e-05
6.192098953761160374e-05
5.451817196444608271e-05
6.238115747692063451e-05
9.600379416951909661e-05
2.123644517268985510e-04
2.159262949135154486e-04
3.653766470961272717e-04
4.569555458147078753e-04
4.658828547690063715e-04
1.601570111233741045e-04
1.624190481379628181e-04
2.541749854572117329e-04
2.762109215836971998e-04
1.478553895140066743e-04
2.259383327327668667e-04
1.778000587364658713e-04
4.244907177053391933e-05
4.147674917476251721e-05
9.863264131126925349e-05
8.770804561208933592e-05
1.157741353381425142e-04
1.679554261500015855e-04
1.757979189278557897e-04
1.057529516401700675e-04
1.166906367870979011e-04
4.615617217496037483e-04
1.386885851388797164e-04
7.261477730935439467e-05
1.369871897622942924e-04
1.146264403359964490e-04
8.860017260303720832e-05
1.372957631247118115e-04
1.506479457020759583e-04
7.250230555655434728e-05
5.583900201600044966e-05
3.869187639793381095e-05
4.840361725655384362e-05
8.574835374020040035e-05
4.741634256788529456e-05
4.794162305188365281e-05
4.838398672291077673e-05
1.427261886419728398e-04
9.615570161258801818e-05
4.963182800565846264e-05
6.222677620826289058e-05
7.806901703588664532e-05
2.419002703391015530e-04
4.132578615099191666e-04
1.641931885387748480e-04
5.285301813273690641e-05
1.182305641123093665e-04
7.940437353681772947e-05
3.145540540572255850e-05
2.956939897558186203e-05
1.018294497043825686e-04
4.755988629767671227e-05
8.231915853684768081e-05
1.647355966269969940e-04
5.204057742957957089e-05
6.667199340881779790e-05
1.448928524041548371e-04
1.891147403512150049e-04
3.205456887371838093e-04
2.440482348902150989e-04
9.679001959739252925e-05
1.573225308675318956e-04
3.532529226504266262e-04
2.005898713832721114e-04
5.469577808980830014e-05
1.863013021647930145e-04
9.172572754323482513e-05
6.635124736931174994e-05
4.012240606243722141e-05
5.064966535428538918e-05
8.773450099397450686e-05
1.032386135193519294e-04
8.260119648184627295e-05
4.730020882561802864e-04
7.366796489804983139e-05
2.207914803875610232e-04
9.044676698977127671e-05
1.942109374795109034e-04
8.439004159299656749e-05
7.468891999451443553e-05
6.465279147960245609e-05
4.207607998978346586e-04
7.301790901692584157e-05
6.292624311754480004e-05
9.220650099450722337e-05
1.894074375741183758e-04
3.281917088315822184e-05
5.870836685062386096e-05
6.982561171753332019e-05
7.828430534573271871e-05
1.129410811699926853e-04
3.171918433508835733e-05
1.283927849726751447e-04
2.220824389951303601e-04
4.155642236582934856e-04
1.903844240587204695e-04
1.631045015528798103e-04
1.832160487538203597e-04
1.425372029189020395e-04
1.651947968639433384e-04
2.099242119584232569e-04
5.282878555590286851e-05
3.214963362552225590e-05
4.513355452218092978e-05
2.892778684326913208e-05
2.447493170620873570e-05
3.727016883203759789e-05
1.836250303313136101e-04
2.134871901944279671e-04
1.003481083898805082e-04
1.677747786743566394e-04
1.483943633502349257e-04
4.771544263348914683e-05
1.312442618655040860e-04
1.235319214174523950e-04
9.829436748987063766e-05
4.700311910710297525e-05
2.339870115974918008e-05
5.377694833441637456e-05
8.061324479058384895e-05
2.120531717082485557e-04
1.174183926195837557e-04
8.115469245240092278e-05
1.682617294136434793e-04
1.024778102873824537e-04
1.520632795291021466e-04
3.193586017005145550e-04
2.253400016343221068e-04
4.055422687088139355e-05
2.894194039981812239e-05
6.949929957045242190e-05
4.680645361077040434e-05
5.801312727271579206e-05
3.781271152547560632e-05
5.740137930843047798e-05
5.363103991840034723e-05
3.883799217874184251e-05
7.331609231187030673e-05
5.308005347615107894e-05
9.081786265596747398e-05
3.364685107953846455e-05
7.433551945723593235e-05
3.027628918061964214e-05
2.680833858903497458e-05
8.222562610171735287e-05
5.640966992359608412e-05
7.257410470629110932e-05
8.601837907917797565e-05
7.639821706106886268e-05
4.461189382709562778e-05
7.426625234074890614e-05
2.455161593388766050e-04
1.940820220625028014e-04
1.967990974662825465e-04
1.965222763828933239e-04
6.962179031688719988e-05
1.861691271187737584e-04
1.209656184073537588e-04
1.134320991695858538e-04
8.546189201297238469e-05
5.975180829409509897e-05
3.098502929788082838e-05
6.161943747429177165e-05
4.099402576684951782e-05
2.716536801017355174e-05
3.137115345452912152e-05
3.831607682514004409e-05
5.078912727185525000e-05
3.450496660661883652e-05
3.545734580256976187e-05
3.638232010416686535e-05
4.299618012737482786e-05
5.880247044842690229e-05
7.137692591641098261e-05
8.181147131836041808e-05
2.357658922846894711e-05
5.843696999363601208e-05
3.835691677522845566e-05
4.783382973982952535e-05
1.254337548743933439e-04
8.248827361967414618e-05
8.508280734531581402e-05
1.518038625363260508e-04
4.915349418297410011e-04
2.670698740985244513e-04
1.200542246806435287e-04
1.070991565939038992e-04
4.676521712099201977e-05
2.775935172394383699e-05
2.641307037265505642e-05
1.955786574399098754e-04
2.138383133569732308e-04
9.109907841775566339e-05
1.590792671777307987e-04
1.318677095696330070e-04
1.110444572987034917e-04
1.914668973768129945e-04
1.129196461988613009e-04
9.843970474321395159e-05
1.343148323940113187e-04
1.726689515635371208e-04
1.207562527270056307e-04
1.101655507227405906e-04
1.273967500310391188e-04
1.808133674785494804e-04
5.014285488869063556e-05
3.681215093820355833e-05
5.138921551406383514e-05
3.299555828562006354e-05
4.850691038882359862e-05
3.764159191632643342e-05
2.321228930668439716e-05
2.204819975304417312e-05
2.666341788426507264e-05
9.878469427349045873e-05
6.393474177457392216e-05
6.581989873666316271e-05
1.152698314399458468e-04
9.064438927453011274e-05
8.171726949512958527e-05
2.910213697759900242e-05
1.105529663618654013e-04
1.915537723107263446e-04
5.624839104712009430e-05
6.902839959366247058e-05
9.159064211416989565e-05
1.086041957023553550e-04
4.066902693011797965e-05
4.936294135404750705e-05
8.339086343767121434e-05
6.196427420945838094e-05
5.288102693157270551e-05
8.758114563534036279e-05
1.629464095458388329e-04
1.159420353360474110e-04
1.111528617911972106e-04
1.321903255302459002e-04
1.108630094677209854e-04
8.129834895953536034e-05
1.321169984294101596e-04
1.232115755556151271e-04
9.490649244980886579e-05
9.403047442901879549e-05
1.544854894746094942e-04
3.887986895279027522e-05
6.988054519752040505e-05
3.976210064138285816e-05
5.358076305128633976e-05
5.038757808506488800e-05
1.871121094154659659e-05
4.235105734551325440e-05
4.203846765449270606e-05
5.220623643253929913e-05
1.372723927488550544e-04
3.107246011495590210e-04
1.799911260604858398e-04
1.127684081438928843e-04
8.903704292606562376e-05
5.633824184769764543e-05
3.592763459892012179e-05
1.505037362221628428e-04
8.368962153326719999e-05
6.961423787288367748e-05
9.151209087576717138e-05
1.348357473034411669e-04
2.680016950762365013e-05
4.505662218434736133e-05
7.753818499622866511e-05
4.671460919780656695e-05
4.587192597682587802e-05
6.130470137577503920e-05
9.177673928206786513e-05
2.432714099995791912e-04
1.609505270607769489e-04
1.159112725872546434e-04
9.145958028966560960e-05
5.915209112572483718e-05
5.684810821549035609e-05
2.453806519042700529e-04
4.379429810796864331e-05
4.831796832149848342e-05
8.331891149282455444e-05
7.668841863051056862e-05
1.025129822664894164e-04
3.995708175352774560e-05
4.265579264028929174e-05
4.698515986092388630e-04
4.364626947790384293e-04
2.722085919231176376e-04
1.702292065601795912e-04
8.212881948566064239e-05
3.319064489915035665e-05
2.812655839079525322e-05
5.496497396961785853e-05
7.219088001875206828e-05
1.670767378527671099e-04
6.891747034387663007e-05
6.520024180645123124e-05
3.798982288572005928e-05
4.803693445865064859e-05
5.428123768069781363e-05
1.302877208217978477e-04
1.408212410751730204e-04
8.597954001743346453e-05
4.831808473682031035e-05
2.573104393377434462e-05
2.515157029847614467e-05
3.034933615708723664e-05
2.909828435804229230e-05
2.202856376243289560e-05
2.119973578373901546e-05
2.595791738713160157e-05
1.875202906376216561e-05
2.324087836313992739e-05
2.482104173395782709e-05
2.788504752970766276e-05
2.301883250765968114e-05
2.139430944225750864e-05
2.189626866311300546e-05
3.476346682873554528e-05
2.161586235160939395e-05
2.954829687951132655e-05
4.142575562582351267e-05
2.119340751960407943e-05
2.332783697056584060e-05
4.385513238958083093e-05
3.147845927742309868e-05
2.328095979464706033e-05
2.641219907673075795e-05
4.500865179579705000e-05
3.304823621874675155e-05
