1.167685538530349731e-02
6.115665286779403687e-02
2.519297413527965546e-02
5.611591413617134094e-02
3.151992708444595337e-02
3.499778360128402710e-02
2.951161377131938934e-02
2.947122976183891296e-02
3.156765922904014587e-02
3.154524043202400208e-02
2.543841116130352020e-02
2.643105201423168182e-02
2.418476343154907227e-02
2.521007508039474487e-02
1.728979684412479401e-02
3.322927281260490417e-02
2.330357395112514496e-02
1.828089915215969086e-02
2.851200848817825317e-02
1.647165231406688690e-02
1.864703558385372162e-02
2.790771797299385071e-02
1.801975816488265991e-02
2.482412755489349365e-02
1.951638795435428619e-02
2.635745517909526825e-02
3.216148540377616882e-02
2.178010903298854828e-02
1.997474394738674164e-02
2.240660414099693298e-02
1.835933141410350800e-02
1.930287107825279236e-02
2.141425199806690216e-02
2.011651545763015747e-02
1.862710155546665192e-02
2.128651551902294159e-02
1.644353009760379791e-02
2.005889452993869781e-02
1.317402999848127365e-02
2.363549172878265381e-02
2.060215547680854797e-02
1.719159074127674103e-02
2.125046961009502411e-02
1.539230067282915115e-02
2.224351651966571808e-02
1.902818121016025543e-02
2.374436892569065094e-02
1.814217492938041687e-02
1.741483248770236969e-02
1.318087801337242126e-02
2.127356082201004028e-02
1.865641772747039795e-02
1.587396673858165741e-02
1.803708262741565704e-02
1.551945786923170090e-02
1.889926381409168243e-02
2.171902358531951904e-02
1.986618340015411377e-02
1.493879035115242004e-02
2.068910747766494751e-02
1.720939390361309052e-02
1.846770569682121277e-02
1.643146388232707977e-02
1.413835678249597549e-02
1.557711884379386902e-02
1.515781413763761520e-02
2.082864753901958466e-02
1.604207605123519897e-02
1.281983405351638794e-02
1.737665571272373199e-02
1.382391713559627533e-02
1.379253622144460678e-02
1.486928481608629227e-02
1.463234797120094299e-02
8.991899900138378143e-03
2.117751538753509521e-02
1.492584310472011566e-02
1.227162964642047882e-02
1.308849360793828964e-02
1.366780512034893036e-02
1.331673655658960342e-02
1.304098684340715408e-02
1.597863994538784027e-02
1.537724211812019348e-02
1.168996188789606094e-02
1.280152425169944763e-02
1.651373505592346191e-02
1.016242988407611847e-02
1.499554608017206192e-02
1.758432947099208832e-02
1.643143966794013977e-02
1.350913289934396744e-02
1.141842082142829895e-02
1.796946488320827484e-02
1.060137711465358734e-02
1.523984316736459732e-02
1.194686442613601685e-02
1.632455736398696899e-02
1.022382453083992004e-02
1.206526905298233032e-02
1.465127803385257721e-02
9.850988164544105530e-03
8.377167396247386932e-03
1.193144638091325760e-02
1.252543646842241287e-02
9.336906485259532928e-03
9.736911393702030182e-03
1.100841071456670761e-02
1.243375800549983978e-02
1.044796779751777649e-02
1.114273909479379654e-02
9.496799670159816742e-03
9.145586751401424408e-03
1.159195974469184875e-02
1.412982307374477386e-02
1.116141118109226227e-02
9.810304269194602966e-03
1.124246511608362198e-02
1.005286350846290588e-02
1.287025772035121918e-02
1.166019123047590256e-02
1.110407151281833649e-02
1.076884847134351730e-02
1.090562343597412109e-02
1.034460589289665222e-02
1.081051584333181381e-02
9.069324471056461334e-03
8.325178176164627075e-03
1.054652128368616104e-02
6.547582335770130157e-03
1.517183147370815277e-02
8.274764753878116608e-03
9.810826741158962250e-03
7.283889688551425934e-03
7.987217046320438385e-03
1.122770272195339203e-02
1.306890975683927536e-02
1.151759177446365356e-02
9.496903046965599060e-03
8.927387185394763947e-03
9.203391149640083313e-03
1.095838658511638641e-02
9.409430436789989471e-03
7.462835405021905899e-03
9.712960571050643921e-03
9.662183001637458801e-03
1.196033135056495667e-02
8.282680064439773560e-03
8.310379460453987122e-03
8.147682063281536102e-03
1.072460878640413284e-02
8.137216791510581970e-03
8.533672429621219635e-03
9.041182696819305420e-03
8.888935670256614685e-03
6.856057792901992798e-03
7.859809324145317078e-03
8.519829250872135162e-03
7.976828143000602722e-03
7.601427379995584488e-03
7.083230186253786087e-03
7.596897426992654800e-03
6.602272856980562210e-03
9.239959530532360077e-03
7.107566110789775848e-03
8.256045170128345490e-03
6.236287765204906464e-03
9.440763853490352631e-03
6.962547078728675842e-03
7.299407850950956345e-03
7.814663462340831757e-03
7.074831053614616394e-03
7.925821468234062195e-03
8.012938313186168671e-03
7.032849825918674469e-03
9.046519175171852112e-03
7.876295596361160278e-03
6.352821364998817444e-03
7.865851745009422302e-03
5.826932378113269806e-03
5.997824482619762421e-03
6.335511803627014160e-03
5.026174243539571762e-03
6.501696072518825531e-03
4.535650368779897690e-03
6.881389766931533813e-03
6.232550833374261856e-03
7.107666693627834320e-03
6.531221792101860046e-03
5.577278789132833481e-03
5.493031814694404602e-03
5.443185102194547653e-03
7.522662170231342316e-03
5.991970188915729523e-03
4.886020440608263016e-03
6.677879486232995987e-03
6.012757308781147003e-03
7.842122577130794525e-03
6.313909776508808136e-03
5.175402387976646423e-03
5.491967778652906418e-03
6.310750264674425125e-03
5.629507359117269516e-03
5.295886192470788956e-03
9.183173999190330505e-03
4.591471049934625626e-03
5.523255094885826111e-03
5.462260916829109192e-03
5.042257718741893768e-03
6.085302215069532394e-03
4.243838135153055191e-03
5.500307772308588028e-03
4.701903089880943298e-03
4.755064379423856735e-03
4.417828749865293503e-03
6.007111165672540665e-03
3.160660853609442711e-03
4.349683877080678940e-03
5.045406986027956009e-03
4.725470673292875290e-03
3.802547464147210121e-03
3.604376222938299179e-03
4.859167151153087616e-03
5.462086293846368790e-03
4.449569154530763626e-03
5.523886065930128098e-03
5.663043353706598282e-03
3.691946621984243393e-03
6.155079696327447891e-03
4.753364715725183487e-03
4.736009053885936737e-03
5.245257169008255005e-03
4.773577675223350525e-03
4.798615351319313049e-03
5.823842715471982956e-03
5.124679766595363617e-03
4.461407195776700974e-03
6.120872683823108673e-03
4.711892455816268921e-03
4.510362632572650909e-03
4.435792099684476852e-03
4.937319550663232803e-03
4.217008594423532486e-03
4.065119195729494095e-03
4.185303580015897751e-03
4.867504816502332687e-03
4.127068910747766495e-03
4.768391139805316925e-03
5.159697961062192917e-03
3.495125100016593933e-03
4.633916076272726059e-03
4.261817317456007004e-03
4.683783743530511856e-03
5.924156866967678070e-03
4.258573520928621292e-03
4.367540590465068817e-03
3.423664020374417305e-03
5.179883446544408798e-03
3.923357930034399033e-03
3.683409653604030609e-03
4.371631890535354614e-03
3.788807429373264313e-03
3.987372387200593948e-03
3.992187790572643280e-03
2.483956282958388329e-03
5.048390012234449387e-03
4.507135599851608276e-03
4.805890377610921860e-03
4.376589786261320114e-03
2.813589759171009064e-03
3.605135716497898102e-03
4.673214629292488098e-03
4.948049318045377731e-03
5.656437482684850693e-03
3.870369866490364075e-03
4.717293661087751389e-03
3.981824032962322235e-03
4.258500412106513977e-03
4.003244917839765549e-03
4.655478056520223618e-03
2.908491529524326324e-03
3.446852788329124451e-03
4.177281633019447327e-03
3.387438599020242691e-03
4.866372328251600266e-03
3.703346010297536850e-03
3.319147508591413498e-03
3.729009069502353668e-03
3.856189548969268799e-03
3.704618895426392555e-03
3.351353108882904053e-03
3.145311726257205009e-03
3.345921635627746582e-03
5.231150891631841660e-03
3.546733641996979713e-03
3.514642827212810516e-03
3.099521389231085777e-03
3.130399622023105621e-03
3.251741640269756317e-03
3.132821992039680481e-03
2.919686725363135338e-03
3.088673576712608337e-03
3.444643924012780190e-03
3.277217037975788116e-03
2.322042826563119888e-03
2.625575056299567223e-03
2.649876289069652557e-03
3.317672293633222580e-03
2.846668940037488937e-03
2.541705267503857613e-03
4.889573901891708374e-03
4.259434994310140610e-03
3.952180966734886169e-03
2.341137034818530083e-03
3.080319380387663841e-03
2.630604431033134460e-03
3.125478047877550125e-03
4.368246067315340042e-03
3.250777488574385643e-03
2.735978458076715469e-03
2.721668686717748642e-03
3.811411792412400246e-03
4.557819105684757233e-03
3.282522317022085190e-03
2.424907637760043144e-03
3.670859616249799728e-03
2.039056736975908279e-03
2.004807116463780403e-03
3.004721365869045258e-03
1.752379117533564568e-03
1.614618697203695774e-03
2.433091867715120316e-03
2.494951244443655014e-03
2.615535166114568710e-03
1.937116263434290886e-03
2.237048232927918434e-03
2.470556879416108131e-03
2.462344476953148842e-03
2.513251965865492821e-03
5.860675126314163208e-03
2.948168432340025902e-03
3.271715948358178139e-03
4.787566605955362320e-03
2.701486926525831223e-03
3.893387038260698318e-03
2.510831458494067192e-03
3.240413730964064598e-03
2.495293505489826202e-03
3.117090789601206779e-03
3.144843503832817078e-03
2.211885526776313782e-03
2.602074760943651199e-03
3.048266982659697533e-03
2.569106407463550568e-03
2.651945687830448151e-03
2.380442107096314430e-03
3.016905859112739563e-03
3.246738342568278313e-03
3.445378271862864494e-03
2.481011673808097839e-03
2.802347531542181969e-03
1.791888731531798840e-03
1.842511701397597790e-03
2.272397512570023537e-03
2.475453773513436317e-03
3.081363625824451447e-03
2.157768467441201210e-03
1.872735796496272087e-03
3.935968503355979919e-03
2.764918142929673195e-03
4.670829977840185165e-03
2.510135760530829430e-03
2.989650936797261238e-03
2.304753987118601799e-03
1.865726080723106861e-03
2.526207827031612396e-03
3.197805956006050110e-03
2.840898232534527779e-03
4.038553684949874878e-03
3.080789931118488312e-03
3.315438982099294662e-03
2.962655387818813324e-03
2.747390652075409889e-03
3.739271778613328934e-03
7.437275722622871399e-03
3.295574570074677467e-03
3.194430144503712654e-03
2.775926608592271805e-03
2.850505057722330093e-03
3.176486818119883537e-03
2.068445319309830666e-03
3.502107225358486176e-03
2.487632678821682930e-03
2.086285734549164772e-03
1.895164954476058483e-03
1.591216889210045338e-03
2.802132861688733101e-03
2.163002733141183853e-03
2.246126532554626465e-03
1.748174428939819336e-03
2.491765655577182770e-03
3.220335580408573151e-03
2.746649319306015968e-03
2.825256902724504471e-03
2.451176289469003677e-03
2.137671224772930145e-03
2.497636247426271439e-03
2.709332155063748360e-03
2.664397004991769791e-03
4.854973405599594116e-03
3.823583945631980896e-03
3.446244401857256889e-03
2.241854323074221611e-03
3.084486117586493492e-03
2.597683575004339218e-03
3.565478371456265450e-03
2.437178976833820343e-03
4.442172124981880188e-03
2.688931534066796303e-03
4.673643037676811218e-03
2.915798453614115715e-03
2.276930725201964378e-03
2.434431808069348335e-03
2.111646579578518867e-03
1.970064826309680939e-03
1.645401469431817532e-03
2.249975223094224930e-03
3.391389502212405205e-03
2.745574340224266052e-03
3.118135035037994385e-03
3.249588422477245331e-03
2.891222480684518814e-03
2.466055564582347870e-03
2.785299206152558327e-03
2.584861125797033310e-03
3.636953420937061310e-03
2.419717842712998390e-03
3.172270953655242920e-03
2.284394577145576477e-03
3.959551919251680374e-03
3.300466574728488922e-03
2.853774232789874077e-03
2.636652672663331032e-03
1.832195790484547615e-03
2.363568637520074844e-03
1.958808861672878265e-03
1.520157209597527981e-03
2.260597422719001770e-03
2.339511178433895111e-03
2.803666284307837486e-03
4.968102090060710907e-03
3.187794005498290062e-03
2.772227628156542778e-03
3.400065703317523003e-03
2.659141784533858299e-03
1.660019857808947563e-03
2.465109573677182198e-03
2.224869094789028168e-03
2.255889587104320526e-03
2.215003129094839096e-03
2.858360996469855309e-03
3.194564487785100937e-03
2.173605374991893768e-03
2.267350675538182259e-03
2.677545649930834770e-03
1.990850316360592842e-03
2.220276510342955589e-03
2.454563044011592865e-03
2.435086760669946671e-03
1.819693599827587605e-03
1.938033266924321651e-03
2.218168461695313454e-03
2.298540202900767326e-03
2.340411767363548279e-03
2.340980805456638336e-03
2.625625114887952805e-03
2.764126984402537346e-03
2.586989663541316986e-03
1.546948682516813278e-03
2.070643706247210503e-03
3.389907767996191978e-03
1.953857950866222382e-03
2.313988516107201576e-03
2.582858316600322723e-03
1.762469299137592316e-03
1.956845633685588837e-03
2.320358995348215103e-03
2.418018179014325142e-03
2.068933099508285522e-03
1.344197895377874374e-03
1.639596186578273773e-03
2.016326179727911949e-03
3.361081471666693687e-03
1.621279865503311157e-03
1.997263869270682335e-03
1.758387428708374500e-03
1.573165180161595345e-03
1.964881084859371185e-03
1.954643987119197845e-03
1.567737897858023643e-03
1.461504143662750721e-03
1.785060507245361805e-03
2.789046382531523705e-03
2.199400914832949638e-03
1.506178639829158783e-03
1.343778218142688274e-03
2.984028542414307594e-03
2.893634140491485596e-03
2.351246541365981102e-03
2.352398121729493141e-03
3.013356821611523628e-03
2.904502209275960922e-03
1.782392850145697594e-03
1.647865748964250088e-03
3.155537182465195656e-03
1.600885530933737755e-03
1.597390742972493172e-03
2.269357675686478615e-03
2.538562053814530373e-03
3.018688876181840897e-03
1.705706468783318996e-03
2.290092408657073975e-03
1.406608964316546917e-03
1.555952010676264763e-03
1.183202373795211315e-03
1.533025060780346394e-03
2.072308678179979324e-03
2.426526043564081192e-03
1.595611567609012127e-03
4.258772358298301697e-03
2.602371852844953537e-03
1.987414201721549034e-03
1.836881390772759914e-03
2.012790180742740631e-03
1.662093098275363445e-03
2.051899908110499382e-03
2.698634518310427666e-03
2.049269620329141617e-03
2.243382157757878304e-03
1.899690483696758747e-03
2.125218743458390236e-03
2.584737259894609451e-03
1.715331920422613621e-03
2.014094730839133263e-03
2.032659715041518211e-03
1.957575324922800064e-03
2.075446071103215218e-03
1.434095203876495361e-03
2.294381149113178253e-03
1.368522061966359615e-03
1.883255550637841225e-03
2.626306144520640373e-03
1.543330494314432144e-03
1.603322918526828289e-03
1.808271976187825203e-03
1.417833380401134491e-03
1.755628152750432491e-03
1.536838361062109470e-03
2.211683662608265877e-03
1.516059041023254395e-03
2.073107054457068443e-03
4.262334201484918594e-03
1.554742804728448391e-03
1.737696118652820587e-03
1.851106178946793079e-03
1.060033566318452358e-03
1.420997432433068752e-03
2.123669954016804695e-03
1.574404654093086720e-03
1.809958950616419315e-03
2.528682351112365723e-03
2.371951239183545113e-03
1.701291999779641628e-03
4.317681305110454559e-03
1.878217561170458794e-03
1.918909838423132896e-03
1.206209417432546616e-03
1.884093740954995155e-03
1.485047512687742710e-03
1.800162834115326405e-03
1.990941818803548813e-03
1.664861338213086128e-03
2.767563099041581154e-03
1.948537421412765980e-03
2.674007788300514221e-03
2.460115589201450348e-03
2.148304367437958717e-03
2.449154620990157127e-03
1.691356417723000050e-03
1.792948576621711254e-03
1.254242844879627228e-03
2.112275920808315277e-03
1.743231667205691338e-03
2.204507356509566307e-03
2.328380243852734566e-03
2.059916732832789421e-03
1.693981699645519257e-03
1.592470682226121426e-03
2.020266139879822731e-03
1.706322771497070789e-03
1.714170561172068119e-03
1.057008979842066765e-03
1.653617015108466148e-03
2.521827816963195801e-03
2.302499022334814072e-03
1.732417033053934574e-03
1.621717703528702259e-03
1.367038814350962639e-03
1.723002176731824875e-03
2.534270053729414940e-03
2.136442111805081367e-03
1.468540634959936142e-03
1.394077087752521038e-03
1.376937725581228733e-03
1.619338523596525192e-03
1.616629539057612419e-03
1.038520596921443939e-03
1.703217974863946438e-03
1.413491088896989822e-03
9.716259082779288292e-04
2.513583982363343239e-03
2.475582296028733253e-03
1.701882341876626015e-03
2.240334870293736458e-03
2.379714511334896088e-03
1.245788531377911568e-03
1.277909614145755768e-03
2.483973745256662369e-03
1.151776872575283051e-03
2.676839940249919891e-03
2.167996950447559357e-03
1.478754915297031403e-03
2.610911149531602859e-03
1.675854437053203583e-03
2.373230876401066780e-03
1.684029703028500080e-03
1.765327877365052700e-03
2.332692034542560577e-03
1.810189452953636646e-03
2.974604256451129913e-03
2.095482312142848969e-03
1.641709473915398121e-03
1.902596908621490002e-03
1.530453679151833057e-03
2.303734188899397850e-03
1.707568881101906300e-03
3.579376032575964928e-03
2.454830333590507507e-03
1.791390939615666866e-03
1.445030909962952137e-03
1.562498393468558788e-03
2.093631308525800705e-03
2.301376312971115112e-03
2.065250417217612267e-03
2.480445196852087975e-03
2.128170337527990341e-03
2.204474993050098419e-03
2.248265780508518219e-03
1.295133959501981735e-03
1.180887455120682716e-03
1.732632401399314404e-03
1.606189762242138386e-03
2.780265174806118011e-03
2.627168782055377960e-03
2.008387586101889610e-03
1.898068934679031372e-03
1.660186797380447388e-03
1.625327859073877335e-03
1.546370796859264374e-03
2.351729199290275574e-03
1.653382321819663048e-03
1.641537877731025219e-03
1.848240033723413944e-03
2.157364971935749054e-03
2.256210194900631905e-03
1.594196073710918427e-03
1.526994514279067516e-03
2.493497915565967560e-03
1.746491179801523685e-03
2.021171385422348976e-03
2.086372580379247665e-03
1.455374178476631641e-03
1.645889598876237869e-03
1.374669955112040043e-03
1.904018223285675049e-03
1.762529369443655014e-03
2.890246221795678139e-03
1.354009844362735748e-03
1.902090036310255527e-03
1.518071629106998444e-03
1.923905219882726669e-03
2.728669671341776848e-03
1.666525495238602161e-03
1.441742875613272190e-03
1.830947818234562874e-03
1.638503279536962509e-03
1.721167820505797863e-03
1.673639169894158840e-03
2.498966641724109650e-03
1.594499801285564899e-03
1.946674310602247715e-03
1.626406330615282059e-03
1.623305841349065304e-03
1.507673994638025761e-03
1.671962905675172806e-03
1.666446798481047153e-03
1.683510490693151951e-03
1.819842029362916946e-03
2.680674195289611816e-03
2.268819604068994522e-03
2.379875630140304565e-03
1.707988558337092400e-03
2.766673220321536064e-03
1.487651607021689415e-03
1.068636425770819187e-03
1.077727414667606354e-03
1.300175208598375320e-03
8.745147497393190861e-04
9.370766347274184227e-04
1.841564429923892021e-03
1.697566709481179714e-03
1.463386695832014084e-03
1.879901625216007233e-03
2.099265810102224350e-03
2.541016088798642159e-03
1.916627748869359493e-03
1.540435710921883583e-03
1.347296987660229206e-03
2.474689157679677010e-03
1.715082325972616673e-03
1.409376738592982292e-03
1.911661820486187935e-03
2.087874570861458778e-03
1.610237173736095428e-03
1.680251560173928738e-03
2.046827226877212524e-03
2.308438997715711594e-03
2.498797839507460594e-03
1.520050573162734509e-03
1.618498470634222031e-03
1.348785124719142914e-03
1.636775676161050797e-03
1.709340373054146767e-03
1.572674373164772987e-03
1.456493628211319447e-03
2.410477492958307266e-03
2.204199554398655891e-03
1.649850630201399326e-03
1.813600072637200356e-03
1.565366634167730808e-03
1.771382638253271580e-03
2.092742826789617538e-03
1.829993445426225662e-03
2.652015769854187965e-03
1.593641936779022217e-03
1.604924211278557777e-03
1.303322613239288330e-03
1.330092200078070164e-03
1.602477394044399261e-03
1.775415847077965736e-03
1.925252727232873440e-03
1.567521365359425545e-03
1.873550587333738804e-03
1.559425611048936844e-03
2.148207742720842361e-03
1.507271081209182739e-03
8.112912764772772789e-04
9.320897515863180161e-04
1.291757333092391491e-03
1.434280071407556534e-03
1.728199073113501072e-03
1.395088038407266140e-03
1.863886602222919464e-03
1.481765764765441418e-03
1.056914683431386948e-03
2.123026177287101746e-03
2.203148324042558670e-03
2.044628839939832687e-03
1.299267285503447056e-03
1.844734302721917629e-03
1.599939307197928429e-03
3.457531565800309181e-03
1.594126224517822266e-03
1.783246407285332680e-03
1.471067662350833416e-03
1.285535399802029133e-03
1.635175314731895924e-03
1.514188945293426514e-03
1.584897167049348354e-03
1.814133953303098679e-03
3.704411676153540611e-03
1.414077705703675747e-03
9.290772140957415104e-04
1.376599189825356007e-03
8.404398686252534389e-04
1.073410501703619957e-03
1.288447529077529907e-03
9.381948621012270451e-04
2.442195778712630272e-03
3.291078144684433937e-03
1.869844505563378334e-03
1.643321244046092033e-03
2.046485431492328644e-03
1.637817360460758209e-03
1.384370727464556694e-03
1.541388221085071564e-03
1.522005768492817879e-03
1.392098492942750454e-03
1.512923394329845905e-03
2.138887299224734306e-03
1.616618363186717033e-03
1.923372154124081135e-03
1.148763229139149189e-03
9.066128986887633801e-04
1.384413102641701698e-03
1.404797541908919811e-03
1.408737502060830593e-03
9.475355618633329868e-04
1.548752072267234325e-03
1.202875981107354164e-03
1.326592871919274330e-03
2.231611171737313271e-03
1.432029646821320057e-03
1.116126659326255322e-03
1.761482330039143562e-03
1.772616175003349781e-03
1.799310324713587761e-03
1.550646848045289516e-03
1.863025012426078320e-03
2.245656447485089302e-03
2.782101044431328773e-03
2.354607684537768364e-03
1.520622870884835720e-03
1.366266631521284580e-03
2.172805601730942726e-03
2.712898189201951027e-03
1.508411485701799393e-03
1.344447722658514977e-03
1.675176783464848995e-03
1.546196290291845798e-03
1.492799492552876472e-03
1.085570547729730606e-03
8.970908820629119873e-04
1.321187592111527920e-03
1.697021536529064178e-03
2.199351089075207710e-03
1.327841775491833687e-03
1.849312800914049149e-03
1.749591785483062267e-03
1.992232631891965866e-03
9.582845377735793591e-04
1.694266684353351593e-03
1.807158347219228745e-03
3.270508022978901863e-03
1.340606948360800743e-03
2.153674839064478874e-03
2.250458113849163055e-03
1.707813004031777382e-03
2.211319748312234879e-03
1.777876168489456177e-03
1.860849442891776562e-03
1.383970025926828384e-03
1.735396683216094971e-03
7.441957131959497929e-04
9.143422357738018036e-04
1.546407467685639858e-03
1.295957365073263645e-03
9.646385442465543747e-04
1.736015779897570610e-03
2.136376220732927322e-03
1.839214237406849861e-03
1.231679227203130722e-03
1.592019805684685707e-03
1.715525053441524506e-03
1.714550540782511234e-03
2.562328008934855461e-03
2.634977689012885094e-03
1.621454372070729733e-03
1.450028619728982449e-03
1.803380670025944710e-03
2.607746748253703117e-03
3.441657405346632004e-03
1.488939509727060795e-03
1.148025388829410076e-03
1.378622022457420826e-03
9.063375182449817657e-04
2.177345566451549530e-03
1.377991167828440666e-03
2.264709211885929108e-03
1.812306931242346764e-03
1.525227096863090992e-03
1.462341519072651863e-03
1.660460373386740685e-03
2.384765539318323135e-03
2.431325381621718407e-03
2.753919688984751701e-03
2.109438879415392876e-03
2.057175850495696068e-03
1.560138072818517685e-03
1.605765544809401035e-03
1.330521539784967899e-03
1.542010111734271049e-03
1.386786228977143764e-03
9.448985219933092594e-04
8.965611923485994339e-04
1.147324335761368275e-03
2.161637647077441216e-03
1.235415926203131676e-03
1.560734235681593418e-03
1.551303081214427948e-03
1.893661799840629101e-03
2.236256841570138931e-03
1.681805588304996490e-03
2.108160406351089478e-03
2.318028826266527176e-03
1.922055613249540329e-03
1.437650644220411777e-03
1.383669790811836720e-03
1.859280513599514961e-03
1.370233134366571903e-03
1.913713058456778526e-03
1.771947252564132214e-03
2.089739777147769928e-03
2.459100214764475822e-03
1.302659162320196629e-03
1.296338043175637722e-03
1.914660213515162468e-03
2.217415720224380493e-03
1.521508791483938694e-03
1.389064826071262360e-03
1.956547610461711884e-03
1.807506079785525799e-03
1.511232811026275158e-03
1.813459210097789764e-03
1.139184692874550819e-03
1.324160373769700527e-03
1.334438333287835121e-03
1.839305856265127659e-03
1.242316677235066891e-03
8.364258101209998131e-04
1.105227041989564896e-03
1.421573571860790253e-03
1.400423934683203697e-03
1.261645578779280186e-03
1.666680560447275639e-03
1.276168855838477612e-03
1.843123580329120159e-03
1.469060429371893406e-03
1.700222375802695751e-03
1.404105103574693203e-03
7.569332956336438656e-04
1.380415167659521103e-03
1.191370305605232716e-03
1.147558097727596760e-03
1.814616611227393150e-03
1.448613358661532402e-03
1.219632569700479507e-03
1.499393722042441368e-03
1.649513142183423042e-03
1.652294653467833996e-03
1.780343358404934406e-03
1.313770306296646595e-03
1.321945921517908573e-03
1.780127640813589096e-03
1.350316684693098068e-03
1.207225606776773930e-03
8.334893500432372093e-04
1.001914031803607941e-03
8.463151170872151852e-04
1.723972149193286896e-03
7.851660484448075294e-04
1.109230332076549530e-03
1.114432350732386112e-03
1.091026118956506252e-03
1.949880388565361500e-03
1.009057741612195969e-03
1.777938450686633587e-03
9.749778546392917633e-04
8.976741228252649307e-04
1.193121192045509815e-03
1.223205355927348137e-03
7.212279015220701694e-04
1.473590848036110401e-03
1.445410074666142464e-03
1.601136871613562107e-03
2.196936402469873428e-03
1.784549560397863388e-03
1.732365344651043415e-03
1.944574876688420773e-03
2.619421575218439102e-03
1.372322905808687210e-03
1.321956049650907516e-03
1.938147237524390221e-03
1.404654816724359989e-03
1.203279243782162666e-03
1.586860162205994129e-03
1.722467713989317417e-03
2.006231807172298431e-03
2.040882129222154617e-03
1.649751677177846432e-03
2.283724024891853333e-03
1.615320332348346710e-03
1.291398075409233570e-03
1.675742445513606071e-03
1.419034320861101151e-03
9.458459680899977684e-04
1.213204464875161648e-03
4.965863190591335297e-04
8.241315372288227081e-04
1.447775401175022125e-03
1.827952568419277668e-03
8.283193456009030342e-04
8.354386081919074059e-04
1.045343815349042416e-03
1.851983251981437206e-03
3.028017468750476837e-03
1.386542222462594509e-03
1.495055737905204296e-03
2.897939411923289299e-03
1.450770301744341850e-03
1.559424446895718575e-03
1.941637601703405380e-03
1.694237464107573032e-03
1.258566509932279587e-03
1.164429588243365288e-03
1.468826434575021267e-03
1.374267973005771637e-03
1.662150374613702297e-03
1.783827785402536392e-03
1.151919248513877392e-03
7.683470030315220356e-04
5.773392622359097004e-04
1.242061145603656769e-03
1.634085318073630333e-03
8.299960172735154629e-04
9.121316834352910519e-04
9.613457950763404369e-04
1.200825790874660015e-03
1.062164083123207092e-03
1.478984253481030464e-03
2.079386962577700615e-03
1.719910185784101486e-03
1.403643982484936714e-03
1.555461436510086060e-03
1.669729477725923061e-03
1.734734745696187019e-03
1.148574985563755035e-03
1.500167651101946831e-03
1.563117606565356255e-03
7.789751398377120495e-04
1.337779453024268150e-03
1.009165076538920403e-03
1.902781077660620213e-03
1.134103629738092422e-03
1.259026816114783287e-03
1.051203929819166660e-03
1.197546022012829781e-03
1.823084196075797081e-03
1.096822204999625683e-03
1.816091127693653107e-03
1.566424267366528511e-03
1.681945519521832466e-03
2.247044583782553673e-03
1.152401673607528210e-03
1.859932672232389450e-03
1.081766444258391857e-03
1.194079173728823662e-03
1.611042069271206856e-03
6.465034093707799911e-04
7.187727023847401142e-04
1.013178029097616673e-03
1.233302755281329155e-03
1.130176475271582603e-03
1.630551763810217381e-03
1.237551216036081314e-03
1.481093582697212696e-03
1.680772285908460617e-03
1.325271674431860447e-03
1.165827619843184948e-03
9.201621287502348423e-04
8.715023286640644073e-04
1.743585220538079739e-03
2.751439809799194336e-03
1.578458584845066071e-03
1.451746793463826180e-03
2.236113650724291801e-03
1.473495038226246834e-03
1.044629956595599651e-03
1.495199627242982388e-03
1.944912131875753403e-03
1.230349997058510780e-03
1.741334446705877781e-03
1.491478644311428070e-03
8.683101623319089413e-04
1.266201143153011799e-03
1.224784762598574162e-03
7.281033904291689396e-04
8.484511054120957851e-04
6.310383905656635761e-04
1.017258036881685257e-03
1.612898893654346466e-03
1.056723762303590775e-03
1.585826976224780083e-03
9.630664717406034470e-04
1.783569809049367905e-03
1.003180397674441338e-03
1.218485180288553238e-03
1.947075477801263332e-03
1.455277088098227978e-03
1.328906975686550140e-03
1.726593705825507641e-03
1.414605649188160896e-03
1.979372696951031685e-03
1.140663982369005680e-03
1.158220809884369373e-03
1.156918238848447800e-03
1.470526796765625477e-03
1.629530452191829681e-03
1.192541443742811680e-03
1.427943818271160126e-03
1.159674720838665962e-03
1.735399011522531509e-03
1.016239053569734097e-03
6.635686731897294521e-04
8.359450148418545723e-04
7.868300308473408222e-04
8.092663483694195747e-04
1.250071218237280846e-03
1.280057127587497234e-03
1.641853945329785347e-03
1.449701492674648762e-03
1.439068350009620190e-03
7.879384793341159821e-04
1.389886834658682346e-03
1.069288817234337330e-03
1.438774634152650833e-03
1.225798041559755802e-03
2.057907404378056526e-03
1.688657677732408047e-03
1.559328404255211353e-03
1.343406154774129391e-03
1.377438777126371861e-03
7.010140107013285160e-04
1.305784913711249828e-03
1.281205215491354465e-03
1.276255352422595024e-03
1.705928938463330269e-03
1.344821881502866745e-03
9.991446277126669884e-04
1.273714005947113037e-03
1.141933025792241096e-03
1.702128094621002674e-03
9.717093198560178280e-04
7.777952123433351517e-04
8.483310812152922153e-04
1.303676515817642212e-03
1.292703323997557163e-03
1.432068529538810253e-03
9.565184009261429310e-04
7.713886443525552750e-04
1.530028181150555611e-03
7.866194937378168106e-04
1.786757959052920341e-03
2.000921638682484627e-03
2.140130847692489624e-03
1.486113178543746471e-03
2.842762740328907967e-03
1.969237346202135086e-03
1.266171224415302277e-03
6.876555271446704865e-04
7.704296731390058994e-04
7.315237889997661114e-04
1.468131202273070812e-03
8.004705887287855148e-04
8.604116155765950680e-04
1.485297223553061485e-03
1.866427017375826836e-03
1.607085112482309341e-03
5.716897430829703808e-04
7.051812717691063881e-04
4.785075143445283175e-04
1.570157823152840137e-03
1.447940943762660027e-03
1.434877631254494190e-03
1.367935794405639172e-03
1.920212642289698124e-03
1.120855449698865414e-03
1.026591286063194275e-03
8.892388432286679745e-04
1.166107598692178726e-03
1.117582782171666622e-03
1.249095425009727478e-03
1.166491769254207611e-03
9.873512899503111839e-04
1.421243068762123585e-03
1.151524367742240429e-03
1.648244564421474934e-03
1.620541559532284737e-03
9.920686716213822365e-04
1.506191096268594265e-03
7.834476418793201447e-04
9.594071889296174049e-04
1.079097157344222069e-03
1.245256979018449783e-03
1.459611696191132069e-03
1.425815979018807411e-03
1.268528052605688572e-03
2.296768128871917725e-03
1.160479383543133736e-03
6.075005512684583664e-04
1.013500732369720936e-03
1.108639291487634182e-03
6.040691514499485493e-04
7.114206091500818729e-04
1.050493796356022358e-03
9.129874524660408497e-04
1.780223567038774490e-03
1.583642791956663132e-03
1.019740011543035507e-03
1.380924251861870289e-03
1.218290999531745911e-03
1.389055396430194378e-03
1.378999324515461922e-03
1.193608390167355537e-03
9.853229857981204987e-04
1.853266265243291855e-03
8.716862066648900509e-04
1.391742960549890995e-03
8.316026069223880768e-04
9.378747781738638878e-04
1.387843512929975986e-03
8.086060988716781139e-04
5.258621531538665295e-04
4.721452714875340462e-04
3.835386014543473721e-04
3.398144908715039492e-04
3.535462892614305019e-04
3.881838929373770952e-04
3.742688568308949471e-04
3.053653927054256201e-04
5.215627606958150864e-04
4.152429173700511456e-04
2.444385900162160397e-04
4.142426187172532082e-04
3.380420675966888666e-04
3.863131860271096230e-04
2.753341395873576403e-04
4.193358472548425198e-04
3.811170463450253010e-04
3.944152558688074350e-04
3.585279046092182398e-04
3.341881674714386463e-04
4.130398156121373177e-04
2.505998418200761080e-04
3.145529190078377724e-04
3.694990009535104036e-04
4.207819292787462473e-04
2.323321823496371508e-04
3.277837240602821112e-04
2.681214828044176102e-04
2.639775630086660385e-04
4.389457753859460354e-04
2.568695927038788795e-04
2.615246921777725220e-04
2.498359535820782185e-04
4.591596953105181456e-04
3.172020369675010443e-04
2.616985002532601357e-04
2.321473148185759783e-04
6.588372052647173405e-04
2.061101549770683050e-04
2.773662563413381577e-04
2.375081385252997279e-04
2.093821240123361349e-04
2.952158101834356785e-04
3.178049519192427397e-04
1.057490124367177486e-03
4.638739628717303276e-04
3.334087377879768610e-04
2.474831708241254091e-04
2.853920450434088707e-04
2.757903130259364843e-04
1.887157704913988709e-04
3.203341620974242687e-04
4.591741017065942287e-04
4.636429366655647755e-04
1.908697013277560472e-04
3.279983648099005222e-04
3.155574086122214794e-04
4.256688698660582304e-04
2.543891896493732929e-04
3.208649286534637213e-04
2.509784826543182135e-04
2.345630928175523877e-04
2.168391802115365863e-04
3.075122658628970385e-04
3.245849802624434233e-04
4.732688248623162508e-04
3.552261332515627146e-04
4.289562639314681292e-04
6.836656248196959496e-04
5.853701150044798851e-04
1.470651186536997557e-04
2.735749003477394581e-04
2.697807503864169121e-04
2.550153876654803753e-04
2.183863543905317783e-04
3.575417504180222750e-04
2.277186868013814092e-04
1.412656565662473440e-04
1.954198087332770228e-04
2.280016487929970026e-04
3.233776369597762823e-04
2.304837980773299932e-04
2.317643229616805911e-04
2.843588299583643675e-04
3.043967590201646090e-04
2.328464033780619502e-04
2.005585120059549809e-04
1.536985073471441865e-04
5.173078388907015324e-04
4.505022661760449409e-04
3.819797420874238014e-04
2.880495740100741386e-04
2.474785142112523317e-04
3.877061535604298115e-04
3.738152736332267523e-04
4.030229756608605385e-04
6.444692844524979591e-04
3.393498482182621956e-04
2.506883756723254919e-04
2.743262157309800386e-04
2.698374155443161726e-04
3.758444217965006828e-04
5.829326109960675240e-04
4.912676522508263588e-04
3.717311774380505085e-04
9.108654339797794819e-04
2.803192473948001862e-04
1.963498652912676334e-04
2.309176197741180658e-04
2.382854872848838568e-04
1.816344592953100801e-04
1.975211489479988813e-04
2.545146562624722719e-04
2.826339332386851311e-04
2.018109662458300591e-04
3.228205314371734858e-04
2.123948797816410661e-04
1.579542877152562141e-04
2.385440311627462506e-04
1.905330864246934652e-04
2.350792492507025599e-04
2.794333267956972122e-04
3.477049176581203938e-04
2.130712236976251006e-04
2.033123600995168090e-04
2.327039255760610104e-04
2.290632546646520495e-04
2.158747374778613448e-04
2.212195831816643476e-04
2.986354520544409752e-04
1.663052680669352412e-04
2.287198585690930486e-04
1.565180282341316342e-04
2.224891795776784420e-04
1.802208862500265241e-04
1.243819133378565311e-04
5.845906562171876431e-04
3.720003005582839251e-04
3.018477291334420443e-04
2.147849299944937229e-04
1.652780920267105103e-04
2.610184019431471825e-04
2.194556000176817179e-04
4.129420849494636059e-04
2.641817845869809389e-04
2.262981433887034655e-04
1.934179890668019652e-04
2.431653119856491685e-04
3.060912131331861019e-04
1.952822494786232710e-04
2.250085526611655951e-04
3.917665744666010141e-04
2.051901683444157243e-04
1.449232368031516671e-04
2.494535874575376511e-04
1.513505412731319666e-04
1.627423625905066729e-04
1.055131360772065818e-04
1.548154250485822558e-04
1.334685657639056444e-04
1.516271440777927637e-04
2.788389392662793398e-04
1.606477599125355482e-04
1.850144035415723920e-04
1.559797819936648011e-04
2.623739128466695547e-04
2.798655477818101645e-04
4.221551353111863136e-04
2.299367333762347698e-04
1.643058349145576358e-04
2.331308787688612938e-04
2.518341643735766411e-04
1.899472845252603292e-04
1.452694850740954280e-04
2.201038296334445477e-04
4.105345578864216805e-04
1.184013090096414089e-04
1.139464729931205511e-04
2.005783317144960165e-04
5.235931603237986565e-04
6.331054028123617172e-04
2.992999798152595758e-04
4.318227001931518316e-04
2.337851037736982107e-04
3.912331885658204556e-04
3.106477670371532440e-04
3.039212024305015802e-04
3.649434947874397039e-04
2.520219422876834869e-04
3.038139257114380598e-04
1.930902362801134586e-04
2.193795080529525876e-04
2.118374541169032454e-04
1.439192856196314096e-04
2.449563471600413322e-04
2.163147728424519300e-04
1.847567618824541569e-04
1.570666063344106078e-04
1.648694451432675123e-04
1.412472338415682316e-04
2.865372225642204285e-04
1.563583500683307648e-04
1.273557863896712661e-04
9.677952039055526257e-05
1.408411626471206546e-04
1.541337696835398674e-04
1.502261438872665167e-04
1.323469914495944977e-04
1.769569207681342959e-04
1.538730284664779902e-04
1.019124392769299448e-04
2.284321817569434643e-04
1.956124469870701432e-04
2.740497875493019819e-04
3.486483474262058735e-04
2.153011591872200370e-04
1.632320345379412174e-04
1.256194664165377617e-04
9.862596925813704729e-05
1.568958396092057228e-04
1.425652590114623308e-04
4.789713129866868258e-04
9.430734789930284023e-04
7.170135504566133022e-04
2.097182004945352674e-04
1.285008911509066820e-04
1.308971695834770799e-04
2.106754254782572389e-04
1.261196593986824155e-04
3.020248259417712688e-04
2.563491580076515675e-04
1.511370937805622816e-04
1.909706770675256848e-04
1.683886366663500667e-04
1.670125639066100121e-04
1.374777348246425390e-04
1.986539864446967840e-04
1.134989943238906562e-04
1.553136826260015368e-04
1.586880389368161559e-04
1.115436170948669314e-04
2.233793056802824140e-04
1.984278351301327348e-04
2.076574601233005524e-04
7.617208029842004180e-05
2.286258677486330271e-04
2.951502683572471142e-04
5.226928042247891426e-04
4.708044580183923244e-04
3.569546097423881292e-04
2.162934979423880577e-04
3.976113803219050169e-04
2.356823533773422241e-04
1.910412247525528073e-04
2.295047597726806998e-04
2.541078720241785049e-04
1.502021186752244830e-04
1.655062660574913025e-04
2.063810970867052674e-04
2.029914612649008632e-04
1.208696703542955220e-04
1.898574410006403923e-04
1.349529484286904335e-04
1.075132968253456056e-04
2.341002109460532665e-04
1.344445045106112957e-04
2.494516083970665932e-04
1.702260196907445788e-04
1.388498349115252495e-04
1.344398187939077616e-04
1.099029177566990256e-04
1.432763383490964770e-04
1.890217536129057407e-04
8.521063136868178844e-05
1.356170832877978683e-04
1.056317123584449291e-04
1.649979531066492200e-04
1.250037894351407886e-04
1.208024477818980813e-04
1.615682267583906651e-04
2.378204517299309373e-04
6.470049847848713398e-04
4.285987524781376123e-04
3.613160515669733286e-04
3.330300387460738420e-04
2.130796056007966399e-04
2.229521924164146185e-04
1.538678770884871483e-04
2.745680685620754957e-04
2.193123509641736746e-04
1.851365523179993033e-04
1.496256300015375018e-04
1.621549454284831882e-04
1.259639539057388902e-04
2.333408338017761707e-04
1.318653812631964684e-04
1.533171016490086913e-04
1.701325381873175502e-04
1.865888625616207719e-04
1.433619618183001876e-04
1.815341965993866324e-04
1.657263783272355795e-04
7.768994692014530301e-05
8.333480218425393105e-05
1.554866757942363620e-04
1.760851591825485229e-04
2.439944073557853699e-04
1.237714750459417701e-04
1.150850293925032020e-04
2.666166692506521940e-04
8.396535122301429510e-05
9.632958972360938787e-05
8.866656571626663208e-05
1.548457948956638575e-04
4.283831513021141291e-04
7.549895235570147634e-05
2.215404092567041516e-04
1.251256762770935893e-04
1.547899591969326138e-04
1.631120831007137895e-04
2.169610379496589303e-04
1.026165045914240181e-04
1.512703165644779801e-04
1.486153632868081331e-04
1.107671050704084337e-04
2.785447868518531322e-04
1.016011519823223352e-04
2.340217470191419125e-04
1.187410016427747905e-04
1.759197039064019918e-04
4.166392609477043152e-04
1.841852208599448204e-04
3.283199039287865162e-04
2.334163145860657096e-04
7.557549397461116314e-04
2.048607566393911839e-04
1.664980081841349602e-04
1.645943120820447803e-04
1.368598168483003974e-04
1.652390492381528020e-04
1.394677674397826195e-04
1.195215081679634750e-04
9.132051491178572178e-05
1.562559482408687472e-04
1.307203201577067375e-04
1.286702317884191871e-04
1.770872040651738644e-04
9.004060120787471533e-05
7.971069135237485170e-05
1.872890425147488713e-04
2.739682386163622141e-04
9.469458018429577351e-05
1.960630761459469795e-04
2.126550534740090370e-04
2.470208564773201942e-04
2.113518421538174152e-04
2.798736386466771364e-04
2.459113602526485920e-04
2.081576240016147494e-04
1.763773907441645861e-04
1.718226849334314466e-04
1.741238083923235536e-04
2.168355858884751797e-04
1.594651985215023160e-04
2.961404679808765650e-04
4.948263522237539291e-04
3.470266237854957581e-04
2.829696168191730976e-04
2.555508108343929052e-04
2.545428578741848469e-04
2.365536493016406894e-04
3.483822802081704140e-04
2.252439735457301140e-04
2.390466688666492701e-04
2.385953848715871572e-04
1.369452074868604541e-04
1.438617910025641322e-04
1.531196176074445248e-04
9.990184480557218194e-05
1.418592000845819712e-04
1.602339616511017084e-04
1.967476127902045846e-04
1.990578166441991925e-04
1.967542048078030348e-04
1.486528781242668629e-04
8.847930439515039325e-05
1.303724566241726279e-04
2.771951840259134769e-04
9.573779243510216475e-05
1.128995791077613831e-04
9.994215361075475812e-05
1.469913404434919357e-04
1.235883537447080016e-04
1.458690530853345990e-04
3.883158788084983826e-04
1.555883209221065044e-04
1.923460367834195495e-04
9.084532212000340223e-05
5.603112513199448586e-04
2.279117179568856955e-04
2.915110089816153049e-04
2.764107775874435902e-04
1.297901326324790716e-04
1.343984185950830579e-04
1.640337868593633175e-04
1.205699736601673067e-04
4.405045474413782358e-04
1.483823871240019798e-04
1.508527202531695366e-04
1.990349992411211133e-04
2.288269606651738286e-04
1.825851504690945148e-04
1.258866541320458055e-04
1.954907056642696261e-04
2.256379229947924614e-04
1.321323215961456299e-04
1.858033210737630725e-04
1.464517263229936361e-04
2.931416092906147242e-04
1.475456228945404291e-04
2.414168557152152061e-04
1.223346480401232839e-04
1.584378769621253014e-04
1.969424629351124167e-04
2.422447432763874531e-04
2.361909864703193307e-04
3.578278701752424240e-04
2.307490503881126642e-04
1.886476966319605708e-04
1.745398767525330186e-04
2.189607184845954180e-04
1.843555073719471693e-04
1.876010210253298283e-04
7.360349263763055205e-05
1.155550417024642229e-04
9.188525291392579675e-05
8.073675417108461261e-05
2.835618215613067150e-04
1.365237549180164933e-04
2.217788860434666276e-04
9.398923430126160383e-05
2.238578599644824862e-04
3.922720206901431084e-04
2.326250105397775769e-04
3.693288599606603384e-04
6.175616290420293808e-04
1.157336300821043551e-04
7.223101420095190406e-05
1.084304894902743399e-04
7.443329377565532923e-05
5.793448872282169759e-05
1.057116023730486631e-04
2.308917173650115728e-04
1.158301238319836557e-04
2.343482337892055511e-04
1.584048877703025937e-04
1.672267098911106586e-04
3.558014286682009697e-04
2.594214747659862041e-04
9.862109436653554440e-05
1.953623868757858872e-04
4.800284514203667641e-04
3.409468336030840874e-04
3.682092064991593361e-04
1.059143251040950418e-04
1.160272149718366563e-04
3.050325904041528702e-04
2.181132003897801042e-04
1.475387689424678683e-04
1.193353891721926630e-04
1.955624611582607031e-04
1.144152629422023892e-04
1.075168402167037129e-04
1.492502924520522356e-04
3.533806011546403170e-04
2.966900647152215242e-04
1.404085924150422215e-04
1.475909521104767919e-04
9.639842755859717727e-05
1.380640896968543530e-04
1.773641997715458274e-04
9.480590233579277992e-05
1.708892377791926265e-04
3.182584769092500210e-04
2.468811580911278725e-04
9.502379543846473098e-05
1.415110891684889793e-04
1.523015234852209687e-04
1.328268554061651230e-04
3.151067357975989580e-04
2.629728696774691343e-04
1.553482725284993649e-04
1.560926320962607861e-04
2.655439311638474464e-04
2.915185759775340557e-04
6.185888778418302536e-04
1.302140735788270831e-04
1.912942971102893353e-04
9.862516890279948711e-05
1.657130342209711671e-04
2.489464823156595230e-04
1.650149351917207241e-04
1.413803402101621032e-04
1.042118019540794194e-04
1.292613742407411337e-04
1.963386457646265626e-04
1.786804205039516091e-04
1.440334599465131760e-04
1.166554648079909384e-04
1.287487830268219113e-04
2.111809299094602466e-04
1.788921508705243468e-04
2.301823114976286888e-04
1.415751175954937935e-04
1.751672825776040554e-04
1.114235928980633616e-04
1.277001138078048825e-04
1.226221647812053561e-04
1.602228876436129212e-04
7.351995009230449796e-05
4.265896568540483713e-04
2.175771514885127544e-04
3.384526353329420090e-04
9.044605394592508674e-05
7.426107913488522172e-05
1.957167260115966201e-04
2.208540390711277723e-04
2.233913401141762733e-04
1.088862554752267897e-04
1.458338520023971796e-04
3.524731437209993601e-04
2.154261746909469366e-04
2.231919206678867340e-04
7.897748146206140518e-04
2.542518777772784233e-04
3.330777108203619719e-04
2.612631651572883129e-04
1.109814911615103483e-04
1.315982663072645664e-04
1.340691815130412579e-04
1.123272522818297148e-04
6.699267396470531821e-05
6.904725887579843402e-05
8.904382411856204271e-05
1.752253738231956959e-04
1.677541440585628152e-04
1.681644498603418469e-04
1.690502394922077656e-04
2.089231129502877593e-04
1.796895812731236219e-04
2.412731992080807686e-04
1.859420881373807788e-04
1.466701214667409658e-04
1.074074243661016226e-04
1.938678469741716981e-04
1.037773035932332277e-04
1.190117909573018551e-04
2.102993748849257827e-04
2.986950566992163658e-04
2.945555606856942177e-04
3.588429826777428389e-04
3.161265049129724503e-04
3.232495218981057405e-04
1.531286863610148430e-03
9.978682501241564751e-04
2.748959232121706009e-04
1.867977698566392064e-04
1.296546251978725195e-04
2.023685374297201633e-04
1.364005292998626828e-04
1.267716870643198490e-04
1.081981972674839199e-04
1.127013747463934124e-04
9.882550511974841356e-05
3.178342303726822138e-04
2.234155253972858191e-04
1.485679822508245707e-04
9.992282139137387276e-05
8.258352318080142140e-05
1.250833447556942701e-04
1.349848607787862420e-04
2.415279886918142438e-04
1.323115138802677393e-04
9.896546544041484594e-05
2.321518841199576855e-04
1.854330912465229630e-04
2.202869363827630877e-04
4.168948216829448938e-04
5.122285801917314529e-04
9.502865141257643700e-04
2.100984420394524932e-04
5.560081335715949535e-04
2.202165487688034773e-04
1.757604477461427450e-04
4.354139091446995735e-04
1.645689335418865085e-04
2.436178765492513776e-04
1.510516594862565398e-04
1.532399764982983470e-04
2.237351582152768970e-04
1.182619744213297963e-04
1.015921952784992754e-04
1.084844843717291951e-04
1.695211103651672602e-04
1.040232746163383126e-04
7.778073631925508380e-05
1.235180970979854465e-04
8.364428504137322307e-05
1.364210766041651368e-04
1.527771382825449109e-04
1.402354973834007978e-04
1.959192886715754867e-04
1.840601471485570073e-04
7.659829861950129271e-05
6.030917938915081322e-05
7.988109427969902754e-05
8.634972618892788887e-05
1.861638738773763180e-04
1.431373530067503452e-04
6.665049004368484020e-04
1.178717357106506824e-04
2.189995284425094724e-04
3.167723480146378279e-04
3.210301802027970552e-04
1.213864816236309707e-04
8.105261076707392931e-05
1.174057761090807617e-04
2.282675850437954068e-04
5.773318116553127766e-04
5.066082812845706940e-04
4.474418528843671083e-04
3.605107485782355070e-04
2.845011185854673386e-04
3.932981635443866253e-04
2.306922688148915768e-04
6.211114814504981041e-04
1.623656717129051685e-04
3.716829523909837008e-04
2.389977453276515007e-04
1.231149071827530861e-04
2.136565017281100154e-04
2.167457569157704711e-04
8.800511568551883101e-05
1.985608832910656929e-04
7.662172720301896334e-05
1.233621587743982673e-04
9.346385195385664701e-05
8.720943878870457411e-05
1.143966801464557648e-04
6.168577237986028194e-05
1.815629075281322002e-04
4.051710420753806829e-04
1.231759379152208567e-04
5.005676066502928734e-04
6.689392612315714359e-04
1.836533774621784687e-04
1.585733552929013968e-04
1.278501586057245731e-04
1.115909035434015095e-04
1.325137709500268102e-04
1.612120249774307013e-04
2.252347912872210145e-04
2.414162299828603864e-04
2.225953940069302917e-04
1.008442050078883767e-04
8.945533045334741473e-05
3.757389495149254799e-04
1.351553219137713313e-04
1.186548543046228588e-04
1.968791330000385642e-04
4.392885020934045315e-04
4.556817584671080112e-04
2.422980760456994176e-04
2.210712555097416043e-04
2.394139155512675643e-04
1.890925341285765171e-04
1.514114555902779102e-04
2.022813569055870175e-04
1.406098599545657635e-04
2.275417355122044683e-04
5.314025911502540112e-04
1.845824590418487787e-04
1.227043539984151721e-04
1.202192652272060513e-04
1.394590217387303710e-04
1.435466401744633913e-04
1.239554549101740122e-04
1.259614073205739260e-04
1.008021426969207823e-04
9.573348506819456816e-05
1.172255360870622098e-04
3.101557376794517040e-04
7.162264664657413960e-04
2.377866912866011262e-04
2.459121460560709238e-04
2.419483644189313054e-04
1.767196808941662312e-04
6.340945255942642689e-04
3.082513576373457909e-04
1.361480099149048328e-04
1.025572855724021792e-04
2.454588247928768396e-04
9.459500870434567332e-05
1.700924767646938562e-04
1.212671777466312051e-04
5.335402602213434875e-05
1.343035255558788776e-04
1.265651953872293234e-04
4.616505757439881563e-04
2.319680206710472703e-04
5.036412039771676064e-04
2.257289161207154393e-04
2.525750314816832542e-04
1.438870240235701203e-04
1.234679366461932659e-04
2.098160766763612628e-04
1.719425054034218192e-04
8.782371878623962402e-05
1.833414862630888820e-04
8.937480015447363257e-05
1.542116078780964017e-04
1.023623408400453627e-04
1.037338006426580250e-04
3.422102599870413542e-04
9.916819399222731590e-04
3.258299839217215776e-04
3.376142412889748812e-04
2.718191244639456272e-04
2.161388838430866599e-04
1.260814751731231809e-04
1.626624143682420254e-04
1.211676353705115616e-04
5.486339214257895947e-04
1.442704669898375869e-04
9.627456893213093281e-05
1.067654520738869905e-04
1.116100174840539694e-04
2.398554643150418997e-04
2.320356434211134911e-04
2.346047549508512020e-04
1.341981405857950449e-04
1.714023383101448417e-04
1.007859027595259249e-04
6.240412039915099740e-05
5.452942059491761029e-05
5.332330329110845923e-05
7.444024959113448858e-05
4.813634950551204383e-05
7.301577716134488583e-05
6.360303814290091395e-05
9.010829671751707792e-05
1.259254640899598598e-04
8.727807289687916636e-05
6.214432505657896399e-05
5.329767736839130521e-05
5.366389814298599958e-05
7.466880924766883254e-05
7.964370888657867908e-05
6.533430132549256086e-05
9.062941535376012325e-05
6.947867223061621189e-05
7.492926670238375664e-05
6.182765355333685875e-05
5.702741327695548534e-05
7.900127093307673931e-05
7.635613292222842574e-05
6.860782741568982601e-05
8.670399984112009406e-05
