1.990643143653869629e-01
7.596165407449007034e-03
7.318596355617046356e-03
6.009727250784635544e-03
8.179096505045890808e-03
5.612641572952270508e-03
5.481426604092121124e-03
1.009888295084238052e-02
1.000501029193401337e-02
1.133746746927499771e-02
1.029564719647169113e-02
4.232087172567844391e-03
5.880546756088733673e-03
5.513968411833047867e-03
4.308179020881652832e-03
4.351180512458086014e-03
4.260873422026634216e-03
4.765153396874666214e-03
5.227561574429273605e-03
4.084648098796606064e-03
3.630952211096882820e-03
2.824918832629919052e-03
2.556658117100596428e-03
3.611431689932942390e-03
4.155813250690698624e-03
5.126320291310548782e-03
5.722365807741880417e-03
2.739275339990854263e-03
2.289806725457310677e-03
3.228648332878947258e-03
2.486269688233733177e-03
4.226352088153362274e-03
3.479338949546217918e-03
5.333947017788887024e-03
4.041905049234628677e-03
2.355111762881278992e-03
3.622041083872318268e-03
8.089579641819000244e-03
1.188694965094327927e-02
3.786498215049505234e-03
2.005589194595813751e-03
2.700397744774818420e-03
3.081279108300805092e-03
1.277038478292524815e-03
2.664306433871388435e-03
2.227255608886480331e-03
3.494375152513384819e-03
2.224517287686467171e-03
3.431031946092844009e-03
4.813660867512226105e-03
8.456326089799404144e-03
8.333018980920314789e-03
2.541465219110250473e-03
8.474103175103664398e-03
5.601213779300451279e-03
3.723190166056156158e-03
3.526169108226895332e-03
1.931520528160035610e-03
2.618185942992568016e-03
2.557309810072183609e-03
3.122980939224362373e-03
3.683531191200017929e-03
4.336393438279628754e-03
2.958537545055150986e-03
5.001210141927003860e-03
4.928447771817445755e-03
7.209009490907192230e-03
4.614048171788454056e-03
2.797539578750729561e-03
3.897877875715494156e-03
3.814528696238994598e-03
3.464310197159647942e-03
4.658508580178022385e-03
6.999626290053129196e-03
3.014862537384033203e-03
7.033750880509614944e-03
3.867865772917866707e-03
5.410846322774887085e-03
5.668166093528270721e-03
3.560693003237247467e-03
2.544109011068940163e-03
5.016672424972057343e-03
4.559203516691923141e-03
5.873105488717556000e-03
2.113396534696221352e-03
2.953763352707028389e-03
2.848800970241427422e-03
3.332347376272082329e-03
5.979020148515701294e-03
1.050632074475288391e-02
6.850014906376600266e-03
4.254888277500867844e-03
4.521573893725872040e-03
8.862666785717010498e-03
2.544610993936657906e-03
6.223306059837341309e-03
2.459364943206310272e-03
6.712002679705619812e-03
6.576544139534235001e-03
3.594302572309970856e-03
3.404588904231786728e-03
2.223595743998885155e-03
3.292829031124711037e-03
8.344419300556182861e-03
4.623344168066978455e-03
3.001694567501544952e-03
4.675258882343769073e-03
3.085414180532097816e-03
5.137258674949407578e-03
2.164558274671435356e-03
5.176938604563474655e-03
4.976258147507905960e-03
3.160160500556230545e-03
6.680877879261970520e-03
5.643690936267375946e-03
5.135333631187677383e-03
9.497499093413352966e-03
1.094645261764526367e-02
4.520465154200792313e-03
5.173596553504467010e-03
6.705043837428092957e-03
1.025308016687631607e-02
9.262519888579845428e-03
1.858408795669674873e-03
5.202455911785364151e-03
4.510261584073305130e-03
1.025452278554439545e-02
7.665231358259916306e-03
4.909134004265069962e-03
6.034645251929759979e-03
3.687235526740550995e-03
6.279026158154010773e-03
5.533473100513219833e-03
4.130024462938308716e-03
4.462873563170433044e-03
2.743266755715012550e-03
3.910728264600038528e-03
3.256686963140964508e-03
7.727054879069328308e-03
6.909981835633516312e-03
5.476921796798706055e-03
4.696499090641736984e-03
7.905676029622554779e-03
9.199901483952999115e-03
2.883282024413347244e-03
7.860238663852214813e-03
4.104559309780597687e-03
2.464846475049853325e-03
5.103792995214462280e-03
8.827843703329563141e-03
6.597843021154403687e-03
3.734754398465156555e-03
6.450321525335311890e-03
5.069410428404808044e-03
4.765811376273632050e-03
3.443798515945672989e-03
6.414971780031919479e-03
5.600070580840110779e-03
6.136877927929162979e-03
7.955042645335197449e-03
1.400928478688001633e-02
1.248962804675102234e-02
8.255822584033012390e-03
5.087894387543201447e-03
1.003792323172092438e-02
5.251135211437940598e-03
6.865793839097023010e-03
3.029392100870609283e-03
5.979700479656457901e-03
1.139237917959690094e-02
1.013659313321113586e-02
6.488671991974115372e-03
3.478112630546092987e-03
5.128175485879182816e-03
9.773038327693939209e-03
7.320641074329614639e-03
5.272408016026020050e-03
6.166894454509019852e-03
1.310575380921363831e-02
5.280044861137866974e-03
8.008143864572048187e-03
2.544540446251630783e-03
6.246017292141914368e-03
6.444032769650220871e-03
3.817043500021100044e-03
1.610001549124717712e-02
8.104274049401283264e-03
6.875156890600919724e-03
2.958198077976703644e-03
5.658649373799562454e-03
6.000547204166650772e-03
9.744862094521522522e-03
1.059470698237419128e-02
7.885993458330631256e-03
6.313207093626260757e-03
7.511233910918235779e-03
2.850015647709369659e-03
4.879053682088851929e-03
9.664249606430530548e-03
3.046088153496384621e-03
5.011609289795160294e-03
8.839266374707221985e-03
8.459629490971565247e-03
7.031862158328294754e-03
6.687696091830730438e-03
9.002420119941234589e-03
4.926916211843490601e-03
3.775457851588726044e-03
3.945155534893274307e-03
4.857567604631185532e-03
3.128812881186604500e-03
4.882846493273973465e-03
1.126073487102985382e-02
1.553161302581429482e-03
9.398721158504486084e-03
7.935944013297557831e-03
4.108116496354341507e-03
4.933316260576248169e-03
4.071816336363554001e-03
3.633924061432480812e-03
8.116175420582294464e-03
4.856756422668695450e-03
1.048613432794809341e-02
1.139535382390022278e-02
6.202064920216798782e-03
5.062839016318321228e-03
5.409523844718933105e-03
8.441787213087081909e-03
7.319577503949403763e-03
1.325437985360622406e-02
1.098850369453430176e-02
7.329370360821485519e-03
6.133837625384330750e-03
3.440632717683911324e-03
1.045761723071336746e-02
8.198355324566364288e-03
9.488689713180065155e-03
6.593472789973020554e-03
6.526703014969825745e-03
5.427118390798568726e-03
5.071444902569055557e-03
4.174941685050725937e-03
3.068127669394016266e-03
3.512737108394503593e-03
1.417529489845037460e-02
5.929871927946805954e-03
3.269370412454009056e-03
5.118017084896564484e-03
6.129676010459661484e-03
1.275571621954441071e-02
7.782405707985162735e-03
5.154452752321958542e-03
1.057698950171470642e-02
4.250518977642059326e-03
5.455171689391136169e-03
3.099969355389475822e-03
5.615468136966228485e-03
6.554460618644952774e-03
8.315918035805225372e-03
9.584605693817138672e-03
7.273001596331596375e-03
5.549538880586624146e-03
3.564277663826942444e-03
3.664446529000997543e-03
1.362552028149366379e-02
7.471648976206779480e-03
5.535666830837726593e-03
4.581688903272151947e-03
2.716548973694443703e-03
2.014981582760810852e-03
1.815835386514663696e-02
1.382299419492483139e-02
4.381003323942422867e-03
8.868286386132240295e-03
7.085504941642284393e-03
8.509126491844654083e-03
6.272030994296073914e-03
6.377357058227062225e-03
4.438192117959260941e-03
7.148742675781250000e-03
2.800443442538380623e-03
4.753219895064830780e-03
5.486655049026012421e-03
1.031240262091159821e-02
9.575281292200088501e-03
6.471246015280485153e-03
1.245208177715539932e-02
7.481545209884643555e-03
9.264949709177017212e-03
9.993011131882667542e-03
3.632104489952325821e-03
1.789549016393721104e-03
7.108981721103191376e-03
8.855328895151615143e-03
8.234489709138870239e-03
8.469634689390659332e-03
8.743197657167911530e-03
4.974852316081523895e-03
3.612176980823278427e-03
7.746567949652671814e-03
7.736382074654102325e-03
1.204466912895441055e-02
1.038089860230684280e-02
2.336265984922647476e-03
4.942437633872032166e-03
6.618455518037080765e-03
8.538785390555858612e-03
1.245064288377761841e-02
5.067516118288040161e-03
7.631055079400539398e-03
7.546917069703340530e-03
7.937599904835224152e-03
6.976415403187274933e-03
6.614485755562782288e-03
6.611185614019632339e-03
6.213594228029251099e-03
8.034999482333660126e-03
1.673084683716297150e-02
1.085831038653850555e-02
1.234179735183715820e-02
2.389518544077873230e-03
4.763340111821889877e-03
8.173421025276184082e-03
5.837407894432544708e-03
4.490885883569717407e-03
1.687102718278765678e-03
1.767757697962224483e-03
6.300597917288541794e-03
6.973087321966886520e-03
2.031713025644421577e-03
3.445545444265007973e-03
7.820087485015392303e-03
3.091932274401187897e-03
1.126464735716581345e-02
6.878305692225694656e-03
8.050306700170040131e-03
5.458601284772157669e-03
8.980262093245983124e-03
6.778272334486246109e-03
8.698623627424240112e-03
7.237721234560012817e-03
5.563827231526374817e-03
6.793474778532981873e-03
1.349205523729324341e-02
6.814776454120874405e-03
5.171248689293861389e-03
3.940316382795572281e-03
4.277489613741636276e-03
1.232029311358928680e-02
5.027475301176309586e-03
4.028301220387220383e-03
1.356412284076213837e-02
9.514311328530311584e-03
2.101708436384797096e-03
2.061974257230758667e-03
7.371268235146999359e-03
7.961293682456016541e-03
6.579615641385316849e-03
7.391114719212055206e-03
4.221674986183643341e-03
1.536315539851784706e-03
1.929006422869861126e-03
2.790807513520121574e-03
1.451947074383497238e-02
8.154671639204025269e-03
4.875802434980869293e-03
7.962373085319995880e-03
1.278187707066535950e-02
3.772770054638385773e-03
8.494314737617969513e-03
8.566836826503276825e-03
7.513860240578651428e-03
7.064438890665769577e-03
7.369852624833583832e-03
6.642239168286323547e-03
6.068807095289230347e-03
4.229248501360416412e-03
3.516251686960458755e-03
6.153954192996025085e-03
4.479057621210813522e-03
2.078653080388903618e-03
5.144852213561534882e-03
7.905465550720691681e-03
6.570950150489807129e-03
6.657493300735950470e-03
7.711097598075866699e-03
4.321410786360502243e-03
6.496624555438756943e-03
8.587656542658805847e-03
6.879109889268875122e-03
8.291232399642467499e-03
6.904572714120149612e-03
3.543166909366846085e-03
1.421537366695702076e-03
1.320203999057412148e-03
5.417311564087867737e-03
9.161322377622127533e-03
8.335255086421966553e-03
1.537254825234413147e-02
8.970481343567371368e-03
1.073420420289039612e-02
6.145075429230928421e-03
8.306507021188735962e-03
2.573976293206214905e-03
2.249311190098524094e-03
4.021870903670787811e-03
3.377658315002918243e-03
7.343840785324573517e-03
1.842891611158847809e-02
8.543075993657112122e-03
6.016556173563003540e-03
4.858508240431547165e-03
2.930738963186740875e-03
1.025557611137628555e-02
6.514793261885643005e-03
7.886704057455062866e-03
3.812678158283233643e-03
1.852355198934674263e-03
3.052141983062028885e-03
1.534474361687898636e-02
1.565273106098175049e-02
1.100111287087202072e-02
1.948965480551123619e-03
1.116066472604870796e-03
4.341802094131708145e-03
3.082942450419068336e-03
2.333975629881024361e-03
7.980583235621452332e-03
1.780881732702255249e-02
4.029606468975543976e-03
7.733305916190147400e-03
5.682232789695262909e-03
6.933933123946189880e-03
6.362522952258586884e-03
8.174565620720386505e-03
3.945880103856325150e-03
6.007919088006019592e-03
8.110815659165382385e-03
5.567899439483880997e-03
7.209673523902893066e-03
6.385532207787036896e-03
1.087719108909368515e-02
2.398767974227666855e-03
1.692377147264778614e-03
2.677406882867217064e-03
2.242759801447391510e-03
2.066824119538068771e-03
5.174351390451192856e-03
7.069603074342012405e-03
8.356498554348945618e-03
6.213652435690164566e-03
4.215660039335489273e-03
5.235418211668729782e-03
9.482935070991516113e-03
1.905083470046520233e-02
6.294478196650743484e-03
1.649113721214234829e-03
4.266260191798210144e-03
6.774162873625755310e-03
8.313291706144809723e-03
8.486685343086719513e-03
7.572731003165245056e-03
1.206057425588369370e-02
1.681520603597164154e-02
1.759701780974864960e-02
1.149530056864023209e-02
4.672314506024122238e-03
6.153567228466272354e-03
3.700048895552754402e-03
2.776206471025943756e-03
9.110398590564727783e-03
6.786029785871505737e-03
6.019218359142541885e-03
7.205994334071874619e-03
6.072042975574731827e-03
6.788339000195264816e-03
6.858365144580602646e-03
5.614656955003738403e-03
1.085474807769060135e-02
1.135924924165010452e-02
1.195187587291002274e-02
1.227720454335212708e-02
6.115581840276718140e-03
8.374751545488834381e-03
9.027323685586452484e-03
7.737428415566682816e-03
6.026736460626125336e-03
2.005690475925803185e-03
1.778928446583449841e-03
4.555827472358942032e-03
4.051643889397382736e-03
7.815864868462085724e-03
5.417112261056900024e-03
2.633961150422692299e-03
1.824429142288863659e-03
2.163107506930828094e-03
5.536466371268033981e-03
1.297936309128999710e-02
6.844690535217523575e-03
8.151855319738388062e-03
5.704125855118036270e-03
4.394970834255218506e-03
7.913802750408649445e-03
8.621619082987308502e-03
4.206550307571887970e-03
5.200846120715141296e-03
9.999476373195648193e-03
2.738820621743798256e-03
3.421875182539224625e-03
4.489935003221035004e-03
5.178455263376235962e-03
6.446479354053735733e-03
1.075941231101751328e-02
1.373589038848876953e-02
1.041903812438249588e-02
8.364103734493255615e-03
2.544505288824439049e-03
4.714161623269319534e-03
7.073627784848213196e-03
1.181775331497192383e-02
7.834604009985923767e-03
1.692477148026227951e-03
2.054968150332570076e-03
6.464046426117420197e-03
5.902373697608709335e-03
4.854361992329359055e-03
5.173604935407638550e-03
2.009477466344833374e-03
3.385949414223432541e-03
2.933786250650882721e-03
2.924104221165180206e-03
4.315659869462251663e-03
8.046872913837432861e-03
7.149280514568090439e-03
4.287502728402614594e-03
4.748727194964885712e-03
1.019145920872688293e-02
7.843978703022003174e-03
7.516241166740655899e-03
8.567977696657180786e-03
5.637848749756813049e-03
3.590821288526058197e-03
1.636051572859287262e-03
1.681154128164052963e-03
2.038903068751096725e-03
9.901424869894981384e-03
4.056618083268404007e-03
1.117290463298559189e-02
8.136353455483913422e-03
7.177399471402168274e-03
4.426039289683103561e-03
4.494524095207452774e-03
1.598800299689173698e-03
1.147025823593139648e-02
4.498185589909553528e-03
9.983412921428680420e-03
8.544512093067169189e-03
5.754857789725065231e-03
8.792147971689701080e-03
6.644178647547960281e-03
5.173401441425085068e-03
3.018886083737015724e-03
5.470814649015665054e-03
3.521592821925878525e-03
1.464371103793382645e-03
1.708378200419247150e-03
8.670584298670291901e-03
1.543793547898530960e-02
5.661251489073038101e-03
2.280369633808732033e-03
9.127720259130001068e-03
1.259770616888999939e-02
8.738013915717601776e-03
1.233097631484270096e-02
4.816758446395397186e-03
2.674095332622528076e-03
3.059469396248459816e-03
2.432020613923668861e-03
1.543602440506219864e-02
7.652190513908863068e-03
6.303337402641773224e-03
8.835122920572757721e-03
3.193068550899624825e-03
8.867816999554634094e-03
9.755503386259078979e-03
4.003872629255056381e-03
5.241061560809612274e-03
6.871689576655626297e-03
2.744897268712520599e-03
2.531730802729725838e-03
4.148548934608697891e-03
3.896845970302820206e-03
6.247359327971935272e-03
7.317027542740106583e-03
2.132015302777290344e-03
4.547052551060914993e-03
5.470785312354564667e-03
1.001904718577861786e-02
6.571982987225055695e-03
6.777239963412284851e-03
1.827535917982459068e-03
6.645341403782367706e-03
1.134543307125568390e-02
1.193460263311862946e-02
9.466249495744705200e-03
9.678113274276256561e-03
1.378904096782207489e-03
3.142201807349920273e-03
6.291018798947334290e-03
4.588529933243989944e-03
1.040951162576675415e-02
1.043107546865940094e-02
2.012782962992787361e-03
6.612472701817750931e-03
1.303386990912258625e-03
1.204456435516476631e-03
2.143379766494035721e-03
4.708330612629652023e-03
4.131242167204618454e-03
5.376650486141443253e-03
7.988207973539829254e-03
4.088340792804956436e-03
7.800477556884288788e-03
4.159633535891771317e-03
9.829003363847732544e-03
1.146105770021677017e-02
6.570359691977500916e-03
4.874918609857559204e-03
3.566302359104156494e-03
4.846517927944660187e-03
5.973224062472581863e-03
6.489071063697338104e-03
5.519213154911994934e-03
1.119548175483942032e-02
1.183070801198482513e-02
9.975660592317581177e-03
1.768875867128372192e-03
2.315581543371081352e-03
4.577509593218564987e-03
5.482138600200414658e-03
4.365554545074701309e-03
3.532801521942019463e-03
2.518248045817017555e-03
1.581230433657765388e-03
5.020779557526111603e-03
1.223798654973506927e-02
9.635663591325283051e-03
5.945589393377304077e-03
1.077754050493240356e-02
9.303695522248744965e-03
1.070814114063978195e-02
9.210559539496898651e-03
4.066334571689367294e-03
5.551287904381752014e-03
5.038734525442123413e-03
9.582829661667346954e-03
7.605439983308315277e-03
2.911824965849518776e-03
1.984776463359594345e-03
1.256381976418197155e-03
4.281529225409030914e-03
9.197553619742393494e-03
2.793957944959402084e-03
1.129193231463432312e-02
5.525079555809497833e-03
8.181078592315316200e-04
2.435812260955572128e-03
2.578368876129388809e-03
6.508427206426858902e-03
5.859907250851392746e-03
5.760908126831054688e-03
8.500494994223117828e-03
5.135435611009597778e-03
8.636890910565853119e-03
1.149917859584093094e-02
1.245251297950744629e-02
7.165753748267889023e-03
2.112503396347165108e-03
3.151017474010586739e-03
4.096023738384246826e-03
6.687974557280540466e-03
9.900607168674468994e-03
4.738910589367151260e-03
2.436228096485137939e-03
7.737880572676658630e-03
6.041910033673048019e-03
2.283786889165639877e-03
1.020340435206890106e-02
2.623803913593292236e-03
7.385624572634696960e-03
4.983934573829174042e-03
3.627073252573609352e-03
8.087798021733760834e-03
6.763636600226163864e-03
7.766829337924718857e-03
4.493305925279855728e-03
9.087838232517242432e-03
1.831564470194280148e-03
4.981489852070808411e-03
1.356523670256137848e-02
7.049426436424255371e-03
1.875260961242020130e-03
8.261279202997684479e-03
5.161195993423461914e-03
2.123128389939665794e-03
5.712346639484167099e-03
6.526582408696413040e-03
3.380357520654797554e-03
5.535321310162544250e-03
9.853491559624671936e-03
1.971572870388627052e-03
9.504349902272224426e-03
1.188583578914403915e-02
2.272125799208879471e-03
1.448981463909149170e-03
1.035295776091516018e-03
2.753385808318853378e-03
6.096963305026292801e-03
7.225816138088703156e-03
6.715698167681694031e-03
9.077901020646095276e-03
5.574857816100120544e-03
2.209387021139264107e-03
1.992223318666219711e-03
1.182563370093703270e-03
1.862111501395702362e-03
2.455233596265316010e-03
4.231554456055164337e-03
6.611110176891088486e-03
1.029149815440177917e-02
7.613605353981256485e-03
6.772278342396020889e-03
2.488457830622792244e-03
3.717933082953095436e-03
1.719200867228209972e-03
2.214386360719799995e-03
4.120077937841415405e-03
2.021918306127190590e-03
1.737365499138832092e-02
1.310288999229669571e-02
4.154272843152284622e-03
8.922007866203784943e-03
6.807056255638599396e-03
8.610052056610584259e-03
6.538535933941602707e-03
7.231396622955799103e-03
6.515720859169960022e-03
6.345201283693313599e-03
7.398370653390884399e-03
6.561076268553733826e-03
5.318512208759784698e-03
2.601592568680644035e-03
3.053728956729173660e-03
4.065941087901592255e-03
2.895482582971453667e-03
7.734726183116436005e-03
1.029352750629186630e-02
1.049973443150520325e-02
1.085149031132459641e-02
1.050719898194074631e-02
5.546205211430788040e-03
4.614798817783594131e-03
5.199032835662364960e-03
3.945605363696813583e-03
4.490263294428586960e-03
1.809020992368459702e-03
1.675643492490053177e-03
2.458971226587891579e-03
1.236211508512496948e-02
5.941807758063077927e-03
3.506576409563422203e-03
5.031079519540071487e-03
5.746413487941026688e-03
4.715457558631896973e-03
3.833990078419446945e-03
4.410260822623968124e-03
1.077824551612138748e-02
1.061356160789728165e-02
2.384355990216135979e-03
1.105747651308774948e-03
1.694013946689665318e-03
5.095170810818672180e-03
6.379462312906980515e-03
7.822335697710514069e-03
8.396566845476627350e-03
5.779919214546680450e-03
3.281008685007691383e-03
2.595030004158616066e-03
1.142637804150581360e-02
8.649499155580997467e-03
4.446196369826793671e-03
1.338514033704996109e-03
1.562866964377462864e-03
1.633246894925832748e-03
8.405159227550029755e-03
1.511534489691257477e-02
4.765342455357313156e-03
6.958046462386846542e-03
6.386871449649333954e-03
5.861969199031591415e-03
6.875548511743545532e-03
6.097869947552680969e-03
3.509628586471080780e-03
4.167274106293916702e-03
1.170154474675655365e-02
4.292021971195936203e-03
7.528971415013074875e-03
2.568352269008755684e-03
5.159331951290369034e-03
6.303109694272279739e-03
2.245764248073101044e-03
1.881216652691364288e-03
2.338915597647428513e-03
3.110610647127032280e-03
4.960035439580678940e-03
6.836176384240388870e-03
2.888835966587066650e-03
1.159967388957738876e-03
1.835845061577856541e-03
3.027929458767175674e-03
3.101973328739404678e-03
6.105784326791763306e-03
1.388607779517769814e-03
4.580902867019176483e-03
1.146736834198236465e-02
1.038700435310602188e-02
7.641861215233802795e-03
4.606309346854686737e-03
5.044554360210895538e-03
8.504471741616725922e-03
2.724778605625033379e-03
1.776754972524940968e-03
1.841128338128328323e-03
1.902929390780627728e-03
1.054388284683227539e-02
7.749581243842840195e-03
7.372602820396423340e-03
6.614445243030786514e-03
7.824058644473552704e-03
8.728489279747009277e-03
3.783440217375755310e-03
1.956165302544832230e-03
3.993842750787734985e-03
1.113330945372581482e-02
9.796909987926483154e-03
6.833547726273536682e-03
7.292910944670438766e-03
8.401070721447467804e-03
5.306349601596593857e-03
1.915981061756610870e-03
1.296894974075257778e-03
2.712909365072846413e-03
2.592179458588361740e-03
2.002273686230182648e-03
9.596709161996841431e-03
9.220010600984096527e-03
1.197665929794311523e-02
6.948971655219793320e-03
8.681260049343109131e-03
8.049041964113712311e-03
2.165204612538218498e-03
1.401394489221274853e-03
2.264517359435558319e-03
1.720799948088824749e-03
2.325108740478754044e-03
1.324095414020121098e-03
2.547993091866374016e-03
3.517301054671406746e-03
6.724580656737089157e-03
7.237934507429599762e-03
1.667308993637561798e-02
7.946260273456573486e-03
8.020091801881790161e-03
5.985745694488286972e-03
6.433099042624235153e-03
6.517588626593351364e-03
5.308603867888450623e-03
8.094761520624160767e-03
3.877354320138692856e-03
5.139497574418783188e-03
1.276283059269189835e-02
1.129446737468242645e-02
2.236424712464213371e-03
1.095727086067199707e-03
6.791971391066908836e-04
1.757887890562415123e-03
2.189333550631999969e-03
1.339531736448407173e-03
1.178972981870174408e-02
3.816687269136309624e-03
6.176793947815895081e-03
8.198557421565055847e-03
7.271779235452413559e-03
7.495209109038114548e-03
4.271352663636207581e-03
6.758990231901407242e-03
2.292305929586291313e-03
6.590843200683593750e-03
1.098584290593862534e-02
9.366665035486221313e-03
9.917111136019229889e-03
8.099174126982688904e-03
3.178396727889776230e-03
3.419998101890087128e-03
1.103533315472304821e-03
1.237546652555465698e-02
5.759066902101039886e-03
7.616604678332805634e-03
9.571878239512443542e-03
6.419213488698005676e-03
8.625172078609466553e-03
8.580502122640609741e-03
6.893309764564037323e-03
7.540741469711065292e-03
6.835313048213720322e-03
5.116467364132404327e-03
9.278536774218082428e-03
8.783299475908279419e-03
9.046913124620914459e-03
5.381863098591566086e-03
5.174673628062009811e-03
5.059779155999422073e-03
5.126061849296092987e-03
1.035186368972063065e-02
7.728276774287223816e-03
3.211258910596370697e-03
4.419316072016954422e-03
3.415636718273162842e-03
5.394776351749897003e-03
5.215585231781005859e-03
4.305003210902214050e-03
2.867943840101361275e-03
3.457649843767285347e-03
4.131676163524389267e-03
7.630653213709592819e-03
4.806550219655036926e-03
4.760966636240482330e-03
1.367203774861991405e-03
8.152829832397401333e-04
9.194606682285666466e-04
1.296608010306954384e-03
1.270117936655879021e-03
2.493479754775762558e-03
8.707322180271148682e-03
1.454126462340354919e-02
1.062770932912826538e-02
1.362292282283306122e-02
1.142831705510616302e-02
1.110955234616994858e-02
1.321490155532956123e-03
1.096862950362265110e-03
7.056173868477344513e-03
1.300904247909784317e-02
9.120313450694084167e-03
2.481858711689710617e-03
4.107412882149219513e-03
4.520526621490716934e-03
4.069754388183355331e-03
5.028441082686185837e-03
7.278245873749256134e-03
1.088637951761484146e-02
8.097860030829906464e-03
3.333068452775478363e-03
3.876180155202746391e-03
2.106744097545742989e-03
1.011059968732297421e-03
2.681727521121501923e-03
1.382268499583005905e-03
1.332691055722534657e-03
2.038932405412197113e-03
2.006460214033722878e-03
3.026064252480864525e-03
8.439716883003711700e-03
1.250103861093521118e-02
7.671750150620937347e-03
1.018359558656811714e-03
1.700571505352854729e-03
2.869465854018926620e-03
1.156020443886518478e-03
1.669824589043855667e-03
1.320967916399240494e-03
1.364483847282826900e-03
5.244393832981586456e-03
1.289018243551254272e-02
1.129372324794530869e-02
1.133000757545232773e-02
8.528315462172031403e-03
7.188904099166393280e-03
8.647019043564796448e-03
1.014514453709125519e-02
5.710019264370203018e-03
5.938035435974597931e-03
4.339416511356830597e-03
5.444432608783245087e-03
8.986653760075569153e-03
4.658964462578296661e-03
6.573253311216831207e-03
1.495334669016301632e-03
2.415205352008342743e-03
4.079305101186037064e-03
3.770522074773907661e-03
2.952733542770147324e-03
3.681652946397662163e-03
3.412332851439714432e-03
3.131980309262871742e-03
1.357417902909219265e-03
2.514553721994161606e-03
3.440561238676309586e-03
1.218289835378527641e-03
3.018315415829420090e-03
1.571793807670474052e-03
8.104747161269187927e-03
1.210561604239046574e-03
2.519842935726046562e-03
4.917611368000507355e-03
9.902527555823326111e-03
1.005517225712537766e-02
7.542316336184740067e-03
1.153327152132987976e-02
7.369116414338350296e-03
6.847094278782606125e-03
7.560406345874071121e-03
7.547667715698480606e-03
7.569127716124057770e-03
7.002028636634349823e-03
7.814797572791576385e-03
6.308612413704395294e-03
4.513883497565984726e-03
2.118770033121109009e-03
3.753219265490770340e-03
1.334874425083398819e-03
7.451525307260453701e-04
1.613039057701826096e-03
1.891194377094507217e-03
2.133879810571670532e-03
2.470018574967980385e-03
3.171707969158887863e-03
4.218101967126131058e-03
9.982301853597164154e-03
6.719214841723442078e-03
8.399673737585544586e-03
6.544083822518587112e-03
6.236672867089509964e-03
2.304446650668978691e-03
4.579581785947084427e-03
8.616303093731403351e-03
1.055688504129648209e-02
3.742344677448272705e-03
1.272664871066808701e-03
1.814163522794842720e-03
7.062545977532863617e-03
6.216574925929307938e-03
5.963335745036602020e-03
6.225094199180603027e-03
5.729999393224716187e-03
5.368236918002367020e-03
5.471602547913789749e-03
6.100394297391176224e-03
3.071052953600883484e-03
2.723213052377104759e-03
6.467005703598260880e-03
1.941604423336684704e-03
2.491472987458109856e-03
5.600296892225742340e-03
7.722793612629175186e-03
9.065330028533935547e-03
9.359572082757949829e-03
1.744460314512252808e-03
1.674031955190002918e-03
7.694162894040346146e-03
7.557002827525138855e-03
9.031995199620723724e-03
6.914803292602300644e-03
7.539708632975816727e-03
4.990568850189447403e-03
6.751694250851869583e-03
5.488555878400802612e-03
5.064483266323804855e-03
5.040473770350217819e-03
6.533020175993442535e-03
6.444546394050121307e-03
5.136806983500719070e-03
6.683440413326025009e-03
7.335877045989036560e-03
5.214288365095853806e-03
4.796918015927076340e-03
3.555183066055178642e-03
4.325347486883401871e-03
4.275096580386161804e-03
2.951307222247123718e-03
4.320051986724138260e-03
5.252472124993801117e-03
4.956962075084447861e-03
5.133385770022869110e-03
2.983408980071544647e-03
1.104134367778897285e-03
8.972311625257134438e-04
1.056492212228477001e-03
2.594672376289963722e-03
8.050737902522087097e-03
3.766237990930676460e-03
2.420836826786398888e-03
3.210873110219836235e-03
4.783513024449348450e-03
3.996808081865310669e-03
2.857067855075001717e-03
5.582400597631931305e-03
4.034075886011123657e-03
1.102154050022363663e-02
6.739837117493152618e-03
4.408580251038074493e-03
6.293690297752618790e-03
5.435363855212926865e-03
8.866888820193707943e-04
1.150187337771058083e-03
4.283224232494831085e-03
7.689676247537136078e-03
7.497125770896673203e-03
2.556179184466600418e-03
3.142058849334716797e-03
1.929244492202997208e-03
1.201632316224277020e-03
1.549800625070929527e-03
1.588747487403452396e-03
1.379312016069889069e-03
1.439138781279325485e-03
4.047421738505363464e-03
2.793076913803815842e-03
8.435697294771671295e-03
1.136341691017150879e-02
3.639305941760540009e-03
1.508876099251210690e-03
1.797578646801412106e-03
5.399893037974834442e-03
1.316004619002342224e-02
2.622202271595597267e-03
6.120776757597923279e-03
5.410748068243265152e-03
5.216651130467653275e-03
3.537881420925259590e-03
5.591518245637416840e-03
8.726065047085285187e-03
1.104128081351518631e-03
6.279997993260622025e-03
3.028016071766614914e-03
7.797243073582649231e-03
7.144548930227756500e-03
4.793105181306600571e-03
9.010034613311290741e-03
7.791074924170970917e-03
7.544336374849081039e-03
1.080179587006568909e-02
8.292570128105580807e-04
4.406669177114963531e-03
2.969980007037520409e-03
2.525612944737076759e-03
4.548033699393272400e-03
1.161157991737127304e-02
6.677919533103704453e-03
1.976467436179518700e-03
1.309315557591617107e-03
1.277341856621205807e-03
2.192750340327620506e-03
3.123900387436151505e-03
4.691116977483034134e-03
2.465849043801426888e-03
3.366229124367237091e-03
7.757610175758600235e-03
1.726777758449316025e-03
9.737164364196360111e-04
8.144263993017375469e-04
1.230180612765252590e-03
1.362480572424829006e-03
2.966862404718995094e-03
1.920396229252219200e-03
1.950044766999781132e-03
1.757158432155847549e-03
3.216240089386701584e-03
1.561303739435970783e-03
2.257398795336484909e-03
2.227448625490069389e-03
7.481927983462810516e-03
6.109732203185558319e-03
4.454917740076780319e-03
3.705810522660613060e-03
3.031190950423479080e-03
3.361309878528118134e-03
1.107964199036359787e-02
1.213596574962139130e-02
4.397393669933080673e-03
8.969375863671302795e-03
7.468666415661573410e-03
6.248617079108953476e-03
1.154254283756017685e-02
4.598125349730253220e-03
3.250773297622799873e-03
5.679446272552013397e-03
3.999952226877212524e-03
2.037680707871913910e-03
3.020507283508777618e-03
3.389985067769885063e-03
5.263937171548604965e-03
3.403639886528253555e-03
2.858162159100174904e-03
1.359014771878719330e-03
3.815199946984648705e-03
7.906006649136543274e-03
4.332447424530982971e-03
2.048503374680876732e-03
1.421513385139405727e-03
1.679681590758264065e-03
5.539655685424804688e-04
9.110535029321908951e-04
7.787842769175767899e-04
2.230241429060697556e-03
1.110956165939569473e-02
1.159098744392395020e-02
8.364710956811904907e-03
5.510089453309774399e-03
4.894373938441276550e-03
3.886948339641094208e-03
7.174170576035976410e-03
7.837058044970035553e-03
7.454461418092250824e-03
5.577452247962355614e-04
1.297748531214892864e-03
2.043606014922261238e-03
2.857477404177188873e-03
2.206608653068542480e-03
2.835573861375451088e-03
2.288649557158350945e-03
1.932070357725024223e-03
3.661008668132126331e-04
1.007190876407548785e-04
1.600469986442476511e-04
4.158781375735998154e-04
3.560599579941481352e-04
2.352829906158149242e-04
1.805845240596681833e-04
2.442741242703050375e-04
3.638750349637120962e-04
2.361181395826861262e-04
2.122664882335811853e-04
7.731202058494091034e-04
8.281368645839393139e-04
4.043407388962805271e-04
4.004347429145127535e-04
1.834917929954826832e-04
1.092956401407718658e-03
2.648034598678350449e-03
1.590923871845006943e-03
2.819157205522060394e-03
1.009088358841836452e-03
1.246086030732840300e-04
1.678500848356634378e-04
2.938030229415744543e-04
5.655975546687841415e-04
5.044747376814484596e-04
3.229574067518115044e-04
2.870422031264752150e-04
7.484706002287566662e-04
2.972181537188589573e-04
5.412774044089019299e-04
4.454594454728066921e-04
8.316939929500222206e-04
5.713065620511770248e-04
2.189439488574862480e-03
2.875389996916055679e-03
1.066652592271566391e-03
7.064263336360454559e-04
2.813320024870336056e-04
7.543524261564016342e-04
8.703665225766599178e-04
2.801846421789377928e-04
7.408248493447899818e-04
5.207799840718507767e-04
4.887025337666273117e-03
1.351536833681166172e-03
6.471191300079226494e-04
6.208918639458715916e-04
5.096025415696203709e-04
6.604689988307654858e-04
4.049511626362800598e-04
4.529940197244286537e-04
5.400386289693415165e-04
5.136173567734658718e-04
5.613570101559162140e-04
4.001604684162884951e-04
8.191636879928410053e-04
9.323981939814984798e-04
4.977151751518249512e-03
5.900459829717874527e-03
1.082049915567040443e-03
4.969554720446467400e-04
6.324379355646669865e-04
3.403878654353320599e-04
8.932666969485580921e-04
6.704040570184588432e-04
4.498452180996537209e-04
5.547841428779065609e-04
7.989128935150802135e-04
1.205638516694307327e-03
2.953196817543357611e-04
2.639486920088529587e-04
5.581472651101648808e-04
6.706873537041246891e-04
4.716718103736639023e-04
1.104413531720638275e-03
9.563508792780339718e-04
3.073553089052438736e-04
4.968838184140622616e-04
5.106567405164241791e-04
1.327387639321386814e-03
6.700798403471708298e-04
6.332974880933761597e-04
2.041400410234928131e-03
1.418549451045691967e-03
7.202084525488317013e-04
6.838717963546514511e-04
3.298273659311234951e-04
1.031104940921068192e-03
1.012244028970599174e-03
1.263745012693107128e-03
7.073802989907562733e-04
4.838724853470921516e-04
1.362267881631851196e-03
1.753205899149179459e-03
7.485696114599704742e-04
8.355727186426520348e-04
8.509630570188164711e-04
5.847067222930490971e-04
3.179555351380258799e-04
1.042432384565472603e-03
3.610908286646008492e-03
4.901172593235969543e-03
2.688770648092031479e-03
2.843542024493217468e-03
1.657975022681057453e-03
2.746075624600052834e-04
2.099571720464155078e-04
3.370505874045193195e-04
1.932003942783921957e-04
2.008567535085603595e-04
2.428134321235120296e-04
3.042283351533114910e-04
7.416911539621651173e-04
1.151635893620550632e-03
7.665910525247454643e-04
6.534837884828448296e-04
2.788472338579595089e-04
5.649462109431624413e-04
4.096249176654964685e-04
5.428231670521199703e-04
1.502896659076213837e-03
6.824037991464138031e-04
6.501936004497110844e-04
1.694162841886281967e-03
1.684744842350482941e-03
4.491015570238232613e-04
8.350275456905364990e-04
5.678203888237476349e-04
5.679088062606751919e-04
1.302670338191092014e-03
6.266239797696471214e-04
1.130173448473215103e-03
1.064988435246050358e-03
1.216444186866283417e-03
1.223388710059225559e-03
1.471124938689172268e-03
6.367505993694067001e-04
1.189759932458400726e-03
9.242523228749632835e-04
1.108998199924826622e-03
6.555403233505785465e-04
4.781427560374140739e-04
1.032682484947144985e-03
4.669846675824373960e-04
4.252814396750181913e-04
1.440692692995071411e-03
6.404949235729873180e-04
7.314392132684588432e-04
3.042703319806605577e-04
4.004794172942638397e-03
7.846813648939132690e-03
4.154505149926990271e-04
3.214869648218154907e-04
2.569819916971027851e-04
5.255488213151693344e-04
7.087776903063058853e-04
1.172642922028899193e-03
4.198340466246008873e-04
4.489017010200768709e-04
3.437763080000877380e-04
2.475324436090886593e-04
3.367105091456323862e-04
5.472087650559842587e-04
6.519744638353586197e-04
5.454425117932260036e-04
1.999857369810342789e-03
8.443323895335197449e-03
8.832764578983187675e-04
5.624213954433798790e-04
3.275016788393259048e-04
4.231859347783029079e-04
5.576503463089466095e-04
3.868333005812019110e-04
5.412516766227781773e-04
8.653266122564673424e-04
3.677420318126678467e-04
1.450194540666416287e-04
2.973969385493546724e-04
1.453960547223687172e-03
3.341553732752799988e-03
5.199248902499675751e-03
2.986117964610457420e-03
2.141446340829133987e-03
2.018535975366830826e-03
9.865374304354190826e-04
1.465466339141130447e-03
1.571686589159071445e-03
1.148508163169026375e-03
1.904227421618998051e-03
5.323804798536002636e-04
1.059589441865682602e-03
4.153492336627095938e-04
1.858152390923351049e-04
3.402818692848086357e-04
3.579933836590498686e-04
4.407887463457882404e-04
1.377918088110163808e-04
2.281658526044338942e-04
3.446901973802596331e-04
4.382324696052819490e-04
2.655873540788888931e-04
1.474726828746497631e-03
6.636961479671299458e-04
3.371606871951371431e-04
3.000528959091752768e-04
4.948210553266108036e-04
3.197496989741921425e-04
9.496720158495008945e-04
4.680959391407668591e-04
3.611087158787995577e-04
8.925673319026827812e-04
6.257477216422557831e-04
5.134663078933954239e-04
1.816101372241973877e-03
1.028097234666347504e-03
8.799839997664093971e-04
4.090876027476042509e-04
1.347312587313354015e-03
7.477184408344328403e-04
5.719734472222626209e-04
3.008003812283277512e-03
1.072086580097675323e-02
9.521031170152127743e-04
6.548342062160372734e-04
6.373531650751829147e-04
3.027871716767549515e-04
2.785514807328581810e-04
4.503377131186425686e-04
7.538339705206453800e-04
6.864659953862428665e-04
1.042130636051297188e-03
5.285107181407511234e-04
6.898018182255327702e-04
4.314913239795714617e-04
2.163674798794090748e-04
3.005246690008789301e-04
3.812663198914378881e-04
3.036199777852743864e-04
1.337334979325532913e-03
1.075636246241629124e-03
6.157275056466460228e-04
4.139938973821699619e-04
6.287387222982943058e-04
1.056891167536377907e-03
1.460908446460962296e-03
1.491250703111290932e-03
4.759274888783693314e-03
3.144634887576103210e-03
2.797330729663372040e-03
1.968988450244069099e-03
7.247570902109146118e-04
7.813447737134993076e-04
1.758978178258985281e-04
7.093876483850181103e-04
6.999649340286850929e-04
3.457628190517425537e-04
4.458560724742710590e-04
6.341724656522274017e-04
6.528542144224047661e-04
7.532695890404284000e-04
4.802752227988094091e-04
1.711995137156918645e-04
4.868810938205569983e-04
3.952237602788954973e-04
5.707181990146636963e-04
5.241943872533738613e-04
4.919967614114284515e-04
6.497622816823422909e-04
2.759440103545784950e-04
6.942906766198575497e-04
4.371891263872385025e-04
4.358871956355869770e-04
3.243931278120726347e-04
4.077645135112106800e-04
4.842481284867972136e-04
6.122808554209768772e-04
2.924471627920866013e-04
6.385662127286195755e-04
9.361450211144983768e-04
2.669233130291104317e-03
1.026926562190055847e-02
5.991204176098108292e-03
3.349745878949761391e-03
9.170283447019755840e-04
5.938456743024289608e-04
2.836451167240738869e-04
7.030742708593606949e-04
4.623328335583209991e-03
1.184543594717979431e-03
2.884973073378205299e-04
3.326444420963525772e-04
4.587488656397908926e-04
3.110926481895148754e-04
3.818648401647806168e-04
1.793354604160413146e-04
4.949269932694733143e-04
4.339482402428984642e-04
4.516407789196819067e-04
3.802344144787639380e-04
5.619390867650508881e-04
5.451863980852067471e-04
3.116877342108637094e-04
3.169254923705011606e-04
2.110404311679303646e-04
3.514515992719680071e-04
3.837640688288956881e-04
5.792549345642328262e-04
1.099125714972615242e-03
1.493612537160515785e-03
1.101406174711883068e-03
3.355621593073010445e-04
3.840580175165086985e-04
7.500767242163419724e-04
1.524358405731618404e-03
8.367648115381598473e-04
1.292844070121645927e-03
6.622259970754384995e-04
2.883959678001701832e-04
5.841893143951892853e-04
3.555971779860556126e-04
7.034902810119092464e-04
8.552095969207584858e-04
7.579159573651850224e-04
9.214370511472225189e-04
6.430771900340914726e-04
2.963028382509946823e-04
1.365900505334138870e-03
4.152822366449981928e-04
4.106215783394873142e-04
5.012259352952241898e-04
1.003494951874017715e-03
3.062354400753974915e-03
1.430543954484164715e-03
1.141555327922105789e-02
6.840029265731573105e-03
2.377806929871439934e-03
3.307936713099479675e-04
1.788498339010402560e-04
1.659769768593832850e-04
3.381928836461156607e-04
4.939707578159868717e-04
1.573060872033238411e-04
3.056176065001636744e-04
6.647863774560391903e-04
5.007049767300486565e-04
2.327872789464890957e-04
3.119612520094960928e-04
2.749621344264596701e-04
1.888160186354070902e-04
5.065305158495903015e-04
1.247121603228151798e-03
7.736927364021539688e-04
4.542942333500832319e-04
7.571181631647050381e-04
1.140241743996739388e-03
6.307116709649562836e-04
4.945374676026403904e-04
2.688412496354430914e-04
2.890375617425888777e-04
6.980795878916978836e-04
7.083049276843667030e-04
1.201515900902450085e-03
1.962588168680667877e-03
8.281025104224681854e-03
2.797136548906564713e-03
2.134025329723954201e-03
1.366020645946264267e-03
4.449387546628713608e-03
2.934751100838184357e-03
3.712808480486273766e-03
1.186067704111337662e-03
1.226462074555456638e-03
9.750871104188263416e-04
1.173430006019771099e-03
2.049752947641536593e-04
1.386186486342921853e-04
1.280005235457792878e-04
1.228309265570715070e-04
1.807687949622049928e-04
2.180888695875182748e-04
4.438476171344518661e-04
3.164155350532382727e-04
3.366828314028680325e-04
2.573234960436820984e-04
1.231515343533828855e-04
3.348232130520045757e-04
6.623550434596836567e-04
2.867685398086905479e-04
5.601124139502644539e-04
1.440182386431843042e-04
4.389255482237786055e-04
4.437442403286695480e-04
4.928458365611732006e-04
7.551925373263657093e-04
4.641177947632968426e-04
1.714871497824788094e-03
1.305280602537095547e-03
1.535362750291824341e-02
7.859629578888416290e-03
3.363613737747073174e-03
3.512456605676561594e-04
2.506873861420899630e-04
3.122478374280035496e-04
3.736807266250252724e-04
3.232615417800843716e-04
5.264666397124528885e-04
4.065737011842429638e-04
3.241002268623560667e-04
3.671182203106582165e-04
6.379446131177246571e-04
1.042643096297979355e-03
3.431929217185825109e-04
2.507748431526124477e-04
5.051476764492690563e-04
4.180408723186701536e-04
4.362570762168616056e-04
5.902466364204883575e-04
3.761770203709602356e-04
1.061530900187790394e-03
3.677897620946168900e-04
1.452962751500308514e-04
5.272683338262140751e-04
1.019166433252394199e-03
1.617739209905266762e-03
6.410275236703455448e-04
6.535721477121114731e-04
5.412428872659802437e-04
5.489946343004703522e-04
4.967750865034759045e-04
1.080740592442452908e-03
4.758847644552588463e-04
1.391967874951660633e-03
3.599134506657719612e-04
5.760610802099108696e-04
2.849341835826635361e-04
5.442064139060676098e-04
8.163721649907529354e-04
7.418734603561460972e-04
1.409078133292496204e-03
1.022291136905550957e-03
2.087508793920278549e-03
2.390309469774365425e-03
9.557421435602009296e-04
8.044122951105237007e-04
1.464635715819895267e-03
4.952682647854089737e-04
3.152682620566338301e-04
5.619394942186772823e-04
3.219797508791089058e-04
3.636139153968542814e-04
9.813868673518300056e-04
6.830800557509064674e-04
6.179982447065412998e-04
6.011890363879501820e-04
1.140655600465834141e-03
5.696152802556753159e-04
8.482158882543444633e-04
1.240336569026112556e-03
8.819722570478916168e-04
6.310048047453165054e-03
7.999815046787261963e-03
1.897446927614510059e-03
3.818500845227390528e-04
1.538327196612954140e-04
2.459360985085368156e-04
2.809704164974391460e-04
3.131390258204191923e-04
2.050530893029645085e-04
3.860267170239239931e-04
5.127649637870490551e-04
4.681037680711597204e-04
1.817850425140932202e-04
2.308962866663932800e-04
6.463055033236742020e-04
4.456203896552324295e-04
2.336685720365494490e-04
2.743666991591453552e-04
2.617264108266681433e-04
8.932695491239428520e-04
8.551462669856846333e-04
7.307125488296151161e-04
5.531379138119518757e-04
1.252151094377040863e-03
3.071053070016205311e-04
5.163578898645937443e-04
3.483945620246231556e-04
5.017453804612159729e-04
1.198274898342788219e-03
1.754910801537334919e-03
8.021154790185391903e-04
3.518425801303237677e-04
3.452303644735366106e-04
9.499630541540682316e-04
1.111131743527948856e-03
9.374847286380827427e-04
9.324295679107308388e-04
5.791029543615877628e-04
8.506466401740908623e-04
8.121042046695947647e-04
4.530115111265331507e-04
3.943163028452545404e-04
4.676041135098785162e-04
3.843971353489905596e-04
4.951882874593138695e-04
5.219560116529464722e-04
2.347860718145966530e-04
6.430066423490643501e-04
7.599783712066709995e-04
4.492551961448043585e-04
1.038039452396333218e-03
7.792958640493452549e-04
6.725147832185029984e-04
8.974637021310627460e-04
1.176033867523074150e-03
6.761460681445896626e-04
3.130559634882956743e-04
6.844243616797029972e-04
1.123703201301395893e-03
7.859487086534500122e-04
1.345103140920400620e-03
8.102079737000167370e-04
7.204514695331454277e-04
2.647746296133846045e-04
4.622543347068130970e-04
5.226694629527628422e-04
8.323446381837129593e-04
3.497758880257606506e-04
2.409696462564170361e-04
3.327118465676903725e-04
1.444673282094299793e-03
2.960070967674255371e-03
1.477409037761390209e-03
4.080299288034439087e-03
4.011205863207578659e-03
2.835704479366540909e-03
1.173234544694423676e-03
2.057928795693442225e-04
2.202952891821041703e-04
5.380470538511872292e-04
4.907062393613159657e-04
9.791635238798335195e-05
1.075237087206915021e-04
4.091814043931663036e-04
1.184208318591117859e-03
4.382681567221879959e-03
4.307502415031194687e-03
8.753258734941482544e-04
3.347765305079519749e-04
5.426306743174791336e-04
9.234624449163675308e-04
7.981867529451847076e-04
5.842078244313597679e-04
1.432481367373839021e-04
2.776637556962668896e-04
2.312319120392203331e-04
6.242614472284913063e-04
9.087934158742427826e-04
4.362054169178009033e-04
1.092800754122436047e-03
2.079589758068323135e-03
6.907992530614137650e-03
2.393307397142052650e-03
2.029628027230501175e-03
1.055135857313871384e-03
8.314185542985796928e-04
1.520906807854771614e-04
9.905623301165178418e-05
1.666999014560133219e-04
3.172732540406286716e-04
5.048310849815607071e-04
2.108178887283429503e-04
1.408078533131629229e-04
1.242408907273784280e-04
4.635776276700198650e-04
3.855835238937288523e-04
8.183800382539629936e-04
5.896153161302208900e-04
3.663355892058461905e-04
4.150294407736510038e-04
3.745563735719770193e-04
3.867220948450267315e-04
2.809540019370615482e-04
2.214751439169049263e-04
5.808774731121957302e-04
5.423771799542009830e-04
2.477123402059078217e-03
1.058614160865545273e-02
3.811513073742389679e-03
2.748474245890974998e-03
1.914044958539307117e-03
1.506517059169709682e-03
9.751092875376343727e-04
2.049485221505165100e-03
1.022301148623228073e-03
9.258576319552958012e-04
1.153149642050266266e-03
2.030176110565662384e-03
2.415209310129284859e-03
1.506166183389723301e-03
9.881774894893169403e-05
1.623545394977554679e-04
1.442938373656943440e-04
1.307180937146767974e-04
1.369839883409440517e-04
1.831398840295150876e-04
2.548194897826761007e-04
3.477892605587840080e-04
2.531285863369703293e-04
3.287705476395785809e-04
5.897395894862711430e-04
6.656909245066344738e-04
7.387085352092981339e-04
2.776633773464709520e-04
2.936642267741262913e-04
2.583702444098889828e-04
5.830421578139066696e-04
5.866021383553743362e-04
2.453741326462477446e-04
1.328877639025449753e-03
1.309813233092427254e-03
8.655331330373883247e-04
9.966092184185981750e-04
5.186409689486026764e-04
3.303168050479143858e-04
1.917419576784595847e-04
3.472300595603883266e-04
6.951292976737022400e-03
3.115005558356642723e-03
2.817767672240734100e-03
3.223925828933715820e-03
4.509010352194309235e-03
3.102049231529235840e-03
3.640744136646389961e-03
1.705695991404354572e-03
8.495586225762963295e-04
2.148588653653860092e-03
1.025713048875331879e-03
9.479716536588966846e-04
6.667168927378952503e-04
1.595075824297964573e-03
3.317426017019897699e-04
2.328844129806384444e-04
1.176432924694381654e-04
1.554269547341391444e-04
1.641558919800445437e-04
1.536361523903906345e-04
1.854261790867894888e-04
1.314106193603947759e-04
1.046186807798221707e-04
3.470034571364521980e-04
4.694634408224374056e-04
8.076665690168738365e-04
7.889094413258135319e-04
1.556541421450674534e-03
1.287509687244892120e-03
4.437871684785932302e-04
1.955712796188890934e-04
5.033015040680766106e-04
3.349391045048832893e-04
4.623353015631437302e-04
6.444456987082958221e-03
6.344918161630630493e-03
2.604032400995492935e-03
2.036052756011486053e-04
1.933537569129839540e-04
3.452858363743871450e-04
4.094120813533663750e-04
2.120101416949182749e-04
1.705275615677237511e-03
4.353510215878486633e-03
1.921359100379049778e-03
2.036018297076225281e-03
1.968350028619170189e-03
1.274817856028676033e-03
1.083609298802912235e-03
1.177636440843343735e-03
1.009118277579545975e-03
1.041782903485000134e-03
8.030517492443323135e-04
9.716014028526842594e-04
1.666870521148666739e-04
1.761276216711848974e-04
2.837400825228542089e-04
1.069699428626336157e-04
1.578285591676831245e-04
3.097636508755385876e-04
3.665459516923874617e-04
2.186445926781743765e-04
3.428034833632409573e-04
1.583678764291107655e-03
4.707874730229377747e-03
2.746487269178032875e-03
2.201763214543461800e-03
1.105627976357936859e-03
3.414157836232334375e-04
2.504233561921864748e-04
3.447167691774666309e-04
2.948928449768573046e-04
2.090570633299648762e-04
3.018314891960471869e-04
4.253360384609550238e-04
2.080825506709516048e-04
1.758011494530364871e-04
3.921965544577687979e-04
1.761560852173715830e-04
3.054350381717085838e-04
2.818215871229767799e-04
1.339387148618698120e-03
3.834283677861094475e-03
1.762781292200088501e-03
4.751714004669338465e-04
5.389727884903550148e-04
3.502100298646837473e-04
5.755966994911432266e-04
1.081030699424445629e-03
3.660452493932098150e-04
4.947776906192302704e-04
5.145184113644063473e-04
7.477931212633848190e-04
3.204699896741658449e-04
2.027182490564882755e-04
7.014406728558242321e-04
9.399767150171101093e-04
7.225796580314636230e-03
4.018226172775030136e-03
4.364614840596914291e-03
6.391500937752425671e-04
3.427668998483568430e-04
1.975907216547057033e-04
3.871976223308593035e-04
4.481612122617661953e-04
2.685968764126300812e-03
7.544339168816804886e-04
4.138291697017848492e-04
5.561647703871130943e-04
1.288290804950520396e-04
3.676160704344511032e-04
6.760093383491039276e-04
8.367602713406085968e-04
6.230357103049755096e-04
1.459197228541597724e-04
3.262315294705331326e-05
2.928353387687820941e-05
3.154745718347840011e-05
3.517234290484338999e-05
3.982710768468677998e-05
4.316565900808200240e-05
2.898143611673731357e-05
4.969429573975503445e-05
4.337073187343776226e-05
5.225638960837386549e-05
3.886059494107030332e-05
4.762547541758976877e-05
4.346745845396071672e-05
4.838357563130557537e-05
3.464021210675127804e-05
5.557619442697614431e-05
7.434173312503844500e-05
1.354917912976816297e-04
4.885420275968499482e-05
8.141245780279859900e-05
1.230277703143656254e-04
8.154297393048182130e-05
1.100065928767435253e-04
1.256621471839025617e-04
7.012883725110441446e-05
5.659511953126639128e-05
