3.545216843485832214e-02
1.013338100165128708e-02
1.333113200962543488e-02
9.537851437926292419e-03
1.162945665419101715e-02
9.491442702710628510e-03
1.122211012989282608e-02
1.711587607860565186e-02
1.743634603917598724e-02
1.670812070369720459e-02
1.243842393159866333e-02
8.720636367797851562e-03
9.333711117506027222e-03
1.120484340935945511e-02
9.454360231757164001e-03
6.801155861467123032e-03
9.710689075291156769e-03
1.015844475477933884e-02
1.089641079306602478e-02
1.886563748121261597e-02
8.031629025936126709e-03
8.243401534855365753e-03
1.361634209752082825e-02
8.225222118198871613e-03
8.475372567772865295e-03
1.175001636147499084e-02
8.370453491806983948e-03
9.548083879053592682e-03
7.071300875395536423e-03
7.513693999499082565e-03
7.657605223357677460e-03
8.376678451895713806e-03
9.576653130352497101e-03
1.078524813055992126e-02
8.784180507063865662e-03
6.834043189883232117e-03
9.595670737326145172e-03
2.724824473261833191e-02
9.430134668946266174e-03
8.341656066477298737e-03
6.518791429698467255e-03
8.137483149766921997e-03
6.591869983822107315e-03
5.969773046672344208e-03
9.917424060404300690e-03
6.790727842599153519e-03
7.119806017726659775e-03
6.459383293986320496e-03
8.289713412523269653e-03
1.079939585179090500e-02
1.005707029253244400e-02
9.962202049791812897e-03
8.578622713685035706e-03
9.673856198787689209e-03
7.593427784740924835e-03
7.676874287426471710e-03
7.877578958868980408e-03
5.481407046318054199e-03
5.383571609854698181e-03
4.429863300174474716e-03
7.569285575300455093e-03
6.041020154953002930e-03
6.477786228060722351e-03
4.512893036007881165e-03
5.615326110273599625e-03
9.423348121345043182e-03
6.906701251864433289e-03
4.887797869741916656e-03
8.228928782045841217e-03
5.272648762911558151e-03
5.009107757359743118e-03
8.608154952526092529e-03
9.171018376946449280e-03
7.700768765062093735e-03
7.170425727963447571e-03
6.985499057918787003e-03
6.488174665719270706e-03
6.896262057125568390e-03
6.515724584460258484e-03
5.892195738852024078e-03
6.220852956175804138e-03
7.303278427571058273e-03
9.602537378668785095e-03
4.771139472723007202e-03
5.075956694781780243e-03
5.556392483413219452e-03
8.029416203498840332e-03
5.788565147668123245e-03
9.809580631554126740e-03
9.305736050009727478e-03
8.391494862735271454e-03
7.002906408160924911e-03
4.206417128443717957e-03
6.840327754616737366e-03
2.771779894828796387e-03
4.050507210195064545e-03
4.917228594422340393e-03
4.532953724265098572e-03
7.625066675245761871e-03
6.934732664376497269e-03
5.245342385023832321e-03
3.406154923141002655e-03
4.102366976439952850e-03
6.954126525670289993e-03
4.394397605210542679e-03
6.437986623495817184e-03
6.695846095681190491e-03
6.631265860050916672e-03
4.743156023323535919e-03
2.194900764152407646e-03
7.544741500169038773e-03
6.475505419075489044e-03
3.714642254635691643e-03
9.090626612305641174e-03
7.857879623770713806e-03
4.122267942875623703e-03
6.693305913358926773e-03
3.484058659523725510e-03
3.027741331607103348e-03
4.998836666345596313e-03
6.179413758218288422e-03
4.355360753834247589e-03
3.923243843019008636e-03
2.081586513668298721e-03
6.265633273869752884e-03
3.835447831079363823e-03
5.366285331547260284e-03
3.423853544518351555e-03
3.330753417685627937e-03
6.745281629264354706e-03
4.113953560590744019e-03
5.158188287168741226e-03
5.791609175503253937e-03
6.636102218180894852e-03
5.208092276006937027e-03
8.858711458742618561e-03
3.835307667031884193e-03
3.705889917910099030e-03
3.984569106251001358e-03
5.131360143423080444e-03
2.502971794456243515e-03
2.168570877984166145e-03
3.747228067368268967e-03
4.160206764936447144e-03
5.463063251227140427e-03
3.440985456109046936e-03
3.118708031252026558e-03
3.842515638098120689e-03
4.588200710713863373e-03
3.132836427539587021e-03
2.537297084927558899e-03
3.376255277544260025e-03
4.239366855472326279e-03
3.268159227445721626e-03
4.340193700045347214e-03
4.398516379296779633e-03
4.010483156889677048e-03
4.343815147876739502e-03
4.446929786354303360e-03
3.084246767684817314e-03
3.774516517296433449e-03
2.805358264595270157e-03
3.272228175774216652e-03
4.142898600548505783e-03
2.293858909979462624e-03
3.067538375034928322e-03
6.318754050880670547e-03
3.173962933942675591e-03
2.098229480907320976e-03
2.237341133877635002e-03
4.398184828460216522e-03
2.404519822448492050e-03
5.669743288308382034e-03
3.484219079837203026e-03
3.541802521795034409e-03
3.511345479637384415e-03
3.992510959506034851e-03
3.905702847987413406e-03
2.570361597463488579e-03
4.265330266207456589e-03
3.055859124287962914e-03
8.985821623355150223e-04
4.038397222757339478e-03
2.230647718533873558e-03
3.677989356219768524e-03
3.365992568433284760e-03
3.567470004782080650e-03
1.673275721259415150e-03
1.963369781151413918e-03
2.100167097523808479e-03
3.595448099076747894e-03
2.777374582365155220e-03
3.131919540464878082e-03
4.594830796122550964e-03
2.495359396561980247e-03
2.109563443809747696e-03
2.295888261869549751e-03
2.215028507634997368e-03
1.578017137944698334e-03
1.473980839364230633e-03
2.794532105326652527e-03
5.069946870207786560e-03
2.637566067278385162e-03
1.924481242895126343e-03
3.058742266148328781e-03
3.805937245488166809e-03
7.214025128632783890e-03
2.842753427103161812e-03
2.064389875158667564e-03
3.362155519425868988e-03
4.913704935461282730e-03
3.607808845117688179e-03
2.407711697742342949e-03
2.078431658446788788e-03
2.194879576563835144e-03
3.168931230902671814e-03
1.872207620181143284e-03
1.558407093398272991e-03
1.857731142081320286e-03
1.456584432162344456e-03
2.016159938648343086e-03
3.758701961487531662e-03
2.169970190152525902e-03
2.750868210569024086e-03
2.266308758407831192e-03
2.822231734171509743e-03
2.999812597408890724e-03
2.631691284477710724e-03
2.500985283404588699e-03
2.276584738865494728e-03
3.536570118740200996e-03
2.645632717758417130e-03
2.056040335446596146e-03
1.441702828742563725e-03
3.894075518473982811e-03
4.588240291923284531e-03
4.419471137225627899e-03
1.681522582657635212e-03
2.124966355040669441e-03
2.172991167753934860e-03
1.365314819850027561e-03
3.669783473014831543e-03
1.740251318551599979e-03
3.011018736287951469e-03
2.042876323685050011e-03
3.128331387415528297e-03
4.090280737727880478e-03
2.183437813073396683e-03
1.633955049328505993e-03
2.262455178424715996e-03
2.051345072686672211e-03
5.031624808907508850e-03
3.402970964089035988e-03
2.163016004487872124e-03
1.384412171319127083e-03
1.832837122492492199e-03
3.926571458578109741e-03
2.616616198793053627e-03
3.791426308453083038e-03
4.414471331983804703e-03
1.948507037013769150e-03
1.946360454894602299e-03
9.342073462903499603e-04
1.532010384835302830e-03
2.408404136076569557e-03
2.385218627750873566e-03
2.979040145874023438e-03
1.911243074573576450e-03
1.164728426374495029e-03
1.387867960147559643e-03
2.769261598587036133e-03
2.656825818121433258e-03
2.268494572490453720e-03
2.121335361152887344e-03
1.922144787386059761e-03
1.939114881679415703e-03
1.339173642918467522e-03
1.592149492353200912e-03
1.866019796580076218e-03
1.627714023925364017e-03
1.752900891005992889e-03
2.113616093993186951e-03
2.782211871817708015e-03
2.112240297719836235e-03
1.946578500792384148e-03
2.424678299576044083e-03
3.127941163256764412e-03
1.691917423158884048e-03
2.557745669037103653e-03
1.888220314867794514e-03
2.654004143550992012e-03
7.086342084221541882e-04
2.862682333216071129e-03
1.732082921080291271e-03
1.529497210867702961e-03
2.358160680159926414e-03
1.279112068004906178e-03
1.235234085470438004e-03
2.268558600917458534e-03
4.333177115768194199e-03
3.017503535374999046e-03
3.023128025233745575e-03
1.391071127727627754e-03
8.001718088053166866e-04
2.668039407581090927e-03
3.638574853539466858e-03
1.807409105822443962e-03
2.090772846713662148e-03
1.556178787723183632e-03
2.985346363857388496e-03
3.009716980159282684e-03
2.319318708032369614e-03
3.801770508289337158e-03
3.622739808633923531e-03
2.036315388977527618e-03
1.940836897119879723e-03
2.019829116761684418e-03
1.912129577249288559e-03
1.510016620159149170e-03
1.569348387420177460e-03
1.342104398645460606e-03
2.401630161330103874e-03
1.666955300606787205e-03
1.418723724782466888e-03
1.461858395487070084e-03
1.119684311561286449e-03
1.788719324395060539e-03
2.137266797944903374e-03
2.842132700607180595e-03
5.989308119751513004e-04
1.987429801374673843e-03
1.520315650850534439e-03
1.011129003018140793e-03
2.840472152456641197e-03
1.932576880790293217e-03
1.682612113654613495e-03
2.765898127108812332e-03
1.351020182482898235e-03
1.542670768685638905e-03
1.814900431782007217e-03
1.541558653116226196e-03
1.840495155192911625e-03
1.947432407177984715e-03
1.571386586874723434e-03
2.001375891268253326e-03
1.421727705746889114e-03
1.739415572956204414e-03
2.036764984950423241e-03
3.639161819592118263e-03
1.196109340526163578e-03
1.174835953861474991e-03
2.245497191324830055e-03
2.528592012822628021e-03
1.034756191074848175e-03
1.785318716429173946e-03
1.019799965433776379e-03
2.214181935414671898e-03
2.591505879536271095e-03
2.071394817903637886e-03
1.457686070352792740e-03
1.282632467336952686e-03
8.192644454538822174e-04
1.598656177520751953e-03
1.711825723759829998e-03
1.538249664008617401e-03
2.699379110708832741e-03
2.637785626575350761e-03
1.665872288867831230e-03
1.581858261488378048e-03
2.768882550299167633e-03
2.568307332694530487e-03
1.647783792577683926e-03
9.548494708724319935e-04
1.286220736801624298e-03
1.544506056234240532e-03
1.489190268330276012e-03
1.691036042757332325e-03
3.123975591734051704e-03
2.940591890364885330e-03
2.466379199177026749e-03
1.118204439990222454e-03
2.812780672684311867e-03
2.134258858859539032e-03
2.315408783033490181e-03
5.198745522648096085e-03
3.844533814117312431e-03
6.621541455388069153e-03
3.244580700993537903e-03
2.481144852936267853e-03
1.071437844075262547e-03
1.093551632948219776e-03
1.360974274575710297e-03
1.376214437186717987e-03
7.416196749545633793e-04
8.430646266788244247e-04
2.556367777287960052e-03
9.614881710149347782e-04
1.363302464596927166e-03
1.730671850964426994e-03
1.205950276926159859e-03
1.231020432896912098e-03
9.347905288450419903e-04
1.780814491212368011e-03
1.249404274858534336e-03
1.263618585653603077e-03
2.106406027451157570e-03
1.655749510973691940e-03
4.391005728393793106e-03
3.327827434986829758e-03
1.617807778529822826e-03
1.542510348372161388e-03
2.064582193270325661e-03
2.534432802349328995e-03
1.757670892402529716e-03
1.772438292391598225e-03
8.354207966476678848e-04
1.839008531533181667e-03
1.580678392201662064e-03
2.710818545892834663e-03
2.580601023510098457e-03
2.169977175071835518e-03
1.446636044420301914e-03
8.747657993808388710e-04
4.256349930074065924e-04
3.358139423653483391e-03
1.449867617338895798e-03
8.905252907425165176e-04
2.387387678027153015e-03
3.661421826109290123e-03
2.969217952340841293e-03
1.077386550605297089e-03
1.825647661462426186e-03
1.389256911352276802e-03
1.503180828876793385e-03
1.206825254485011101e-03
1.660478999838232994e-03
9.407816105522215366e-04
1.565706566907465458e-03
2.071431605145335197e-03
2.185310237109661102e-03
1.470607705414295197e-03
2.065042965114116669e-03
2.061817096546292305e-03
8.399953949265182018e-04
9.670996805652976036e-04
1.142762950621545315e-03
8.805008837953209877e-04
2.100321929901838303e-03
1.940762507729232311e-03
2.117700409144163132e-03
5.925447214394807816e-03
1.804417348466813564e-03
2.210543956607580185e-03
2.539348788559436798e-03
2.275640610605478287e-03
8.159048156812787056e-04
9.082012111321091652e-04
1.614824635908007622e-03
6.928862421773374081e-04
1.877775066532194614e-03
7.638584356755018234e-04
1.264836289919912815e-03
1.126998569816350937e-03
1.691096113063395023e-03
1.433138269931077957e-03
1.711689052172005177e-03
1.419365522451698780e-03
1.531961373984813690e-03
8.878994849510490894e-04
1.268925378099083900e-03
2.904364839196205139e-03
1.427112962119281292e-03
9.462236776016652584e-04
1.269289408810436726e-03
1.594732049852609634e-03
1.350373728200793266e-03
1.878372975625097752e-03
9.090150124393403530e-04
1.592867192812263966e-03
1.249013002961874008e-03
1.241762656718492508e-03
1.290305517613887787e-03
2.210182603448629379e-03
1.385487616062164307e-03
1.575852511450648308e-03
1.940677175298333168e-03
1.805989304557442665e-03
9.870714275166392326e-04
1.171484356746077538e-03
1.861803815700113773e-03
1.974947052076458931e-03
2.819212153553962708e-03
1.916520879603922367e-03
1.187195884995162487e-03
8.934477809816598892e-04
1.186109613627195358e-03
3.707349067553877831e-03
1.236669020727276802e-03
1.444399240426719189e-03
1.366317621432244778e-03
9.631875436753034592e-04
1.733622979372739792e-03
1.521579921245574951e-03
8.954658405855298042e-04
8.138614357449114323e-04
1.300217467360198498e-03
1.206118497066199780e-03
1.912161242216825485e-03
2.001881599426269531e-03
3.670344362035393715e-03
3.442487912252545357e-03
2.100681420415639877e-03
1.054995111189782619e-03
7.600252865813672543e-04
1.161082996986806393e-03
2.491069724783301353e-03
1.408028299920260906e-03
2.182636177167296410e-03
1.481497427448630333e-03
1.653147628530859947e-03
6.851409561932086945e-04
1.035369234159588814e-03
1.037347596138715744e-03
1.808311440981924534e-03
1.451428397558629513e-03
1.586233265697956085e-03
2.108328510075807571e-03
1.567299244925379753e-03
9.281972888857126236e-04
1.789574162103235722e-03
1.732682459987699986e-03
1.751709729433059692e-03
1.315821544267237186e-03
2.948843641206622124e-03
1.844302169047296047e-03
3.142675850540399551e-03
2.885063877329230309e-03
9.713050094433128834e-04
9.603213984519243240e-04
1.784657826647162437e-03
9.308840963058173656e-04
2.154205692932009697e-03
7.343828910961747169e-04
5.386902485042810440e-04
8.970193448476493359e-04
3.049884689971804619e-03
2.347867703065276146e-03
1.841388642787933350e-03
2.690308494493365288e-03
1.794469659216701984e-03
1.587489154189825058e-03
1.147988834418356419e-03
1.181311672553420067e-03
2.178387716412544250e-03
1.782797975465655327e-03
2.706250175833702087e-03
9.947180515155196190e-04
7.747922209091484547e-04
1.371366786770522594e-03
9.979617316275835037e-04
2.984440652653574944e-03
2.177180489525198936e-03
1.643593772314488888e-03
1.404378679580986500e-03
1.053788349963724613e-03
6.159411859698593616e-04
2.304800553247332573e-03
2.012882847338914871e-03
1.367729855701327324e-03
1.253752969205379486e-03
3.301823977380990982e-03
2.576302504166960716e-03
1.178529695607721806e-03
2.005511196330189705e-03
2.765104407444596291e-03
1.317054149694740772e-03
1.463164226152002811e-03
1.108740689232945442e-03
2.085552318021655083e-03
7.639758987352252007e-04
1.827750238589942455e-03
1.036038389429450035e-03
1.721276901662349701e-03
7.634208886884152889e-04
1.179689425043761730e-03
1.818161457777023315e-03
1.118759391829371452e-03
2.426769351586699486e-03
8.224721532315015793e-04
1.476284698583185673e-03
2.669062931090593338e-03
1.357910805381834507e-03
8.455427596345543861e-04
6.888037314638495445e-04
1.110014738515019417e-03
7.388474768958985806e-04
1.480774721130728722e-03
1.004286459647119045e-03
2.476658439263701439e-03
1.825005398131906986e-03
9.439678979106247425e-04
1.410707132890820503e-03
2.020383253693580627e-03
2.071862807497382164e-03
2.940648002550005913e-03
3.381874877959489822e-03
1.105710514821112156e-03
1.588247134350240231e-03
1.676594140008091927e-03
1.778826117515563965e-03
1.830239431001245975e-03
8.636335842311382294e-04
3.891140513587743044e-04
1.400965033099055290e-03
5.238819867372512817e-04
6.331317126750946045e-04
8.912257035262882710e-04
1.669460558332502842e-03
2.714343136176466942e-03
1.659636036492884159e-03
6.495232693850994110e-03
8.594177197664976120e-04
2.173340879380702972e-03
7.190413307398557663e-04
2.069398760795593262e-03
2.034761477261781693e-03
1.106954412534832954e-03
2.174883149564266205e-03
2.878783037886023521e-03
6.962299230508506298e-04
1.508332439698278904e-03
1.507086213678121567e-03
9.387233876623213291e-04
2.798425033688545227e-03
9.390397462993860245e-04
1.244384446181356907e-03
2.063021995127201080e-03
2.850404707714915276e-03
2.094726543873548508e-03
7.215272635221481323e-04
1.051206723786890507e-03
9.827637113630771637e-04
6.332542980089783669e-04
7.289978093467652798e-04
1.537479809485375881e-03
2.372507005929946899e-03
4.064805805683135986e-03
1.046629971824586391e-03
1.441087690182030201e-03
1.212952542118728161e-03
1.336415531113743782e-03
1.206557149998843670e-03
2.308780560269951820e-03
1.990856137126684189e-03
1.335273846052587032e-03
1.053674030117690563e-03
9.940877789631485939e-04
2.503544325008988380e-03
2.933594863861799240e-03
5.212922114878892899e-04
6.286074058152735233e-04
1.476202276535332203e-03
1.245289691723883152e-03
1.447210321202874184e-03
1.014610636048018932e-03
3.283175174146890640e-04
7.712582591921091080e-04
1.445383415557444096e-03
1.622699084691703320e-03
1.145438291132450104e-03
1.013164874166250229e-03
2.571736928075551987e-03
8.323350339196622372e-04
4.909114213660359383e-04
1.412174082361161709e-03
1.064392155967652798e-03
1.044160453602671623e-03
1.555883791297674179e-03
1.846440718509256840e-03
1.897095935419201851e-03
4.408774548210203648e-04
7.246622699312865734e-04
1.369896344840526581e-03
9.354974608868360519e-04
9.461794979870319366e-04
1.848441781476140022e-03
1.105327275581657887e-03
1.466285320930182934e-03
1.468560076318681240e-03
2.089715097099542618e-03
1.367499120533466339e-03
1.633186591789126396e-03
2.319836290553212166e-03
8.072106284089386463e-04
4.248367622494697571e-04
1.327420002780854702e-03
8.944808505475521088e-04
9.756040526553988457e-04
1.463550142943859100e-03
1.233984250575304031e-03
1.418509986251592636e-03
6.042846362106502056e-04
2.209536964073777199e-03
4.694991512224078178e-04
6.415648967958986759e-04
1.525766216218471527e-03
3.198490303475409746e-04
1.000678748823702335e-03
1.589642954058945179e-03
1.011977670714259148e-03
1.538206357508897781e-03
1.168368966318666935e-03
2.280735643580555916e-03
7.740866276435554028e-04
6.756769726052880287e-04
4.030727723147720098e-04
1.909385668113827705e-03
1.213839044794440269e-03
1.590103260241448879e-03
1.175883808173239231e-03
3.872098750434815884e-04
6.160582997836172581e-04
1.072728773579001427e-03
1.041170908138155937e-03
1.122089917771518230e-03
1.543341670185327530e-03
2.066243207082152367e-03
1.470028655603528023e-03
3.436695318669080734e-03
1.812807866372168064e-03
6.780768162570893764e-04
6.990086985751986504e-04
9.603144135326147079e-04
1.711006625555455685e-03
1.319825300015509129e-03
2.388662192970514297e-03
2.834417158737778664e-03
1.719490042887628078e-03
2.031695563346147537e-03
1.048878883011639118e-03
1.029845443554222584e-03
1.191089279018342495e-03
1.493927207775413990e-03
1.572977169416844845e-03
7.468519615940749645e-04
1.377933775074779987e-03
1.011383137665688992e-03
4.915663157589733601e-04
6.491469102911651134e-04
5.817724158987402916e-04
7.508207345381379128e-04
2.669507870450615883e-03
2.601583022624254227e-03
1.208236091770231724e-03
1.824245788156986237e-03
1.610223087482154369e-03
1.657733810134232044e-03
1.070936676114797592e-03
7.239916012622416019e-04
1.250711851753294468e-03
7.127149146981537342e-04
1.284546568058431149e-03
1.092173275537788868e-03
1.499765785411000252e-03
1.761261839419603348e-03
9.701894014142453671e-04
6.640524952672421932e-04
1.181062194518744946e-03
1.418521511368453503e-03
1.225980930030345917e-03
1.942107337526977062e-03
1.735864323563873768e-03
2.500089816749095917e-03
8.383537060581147671e-04
1.228630426339805126e-03
1.305574085563421249e-03
1.832365407608449459e-03
1.395525527186691761e-03
5.704258801415562630e-04
8.577096741646528244e-04
1.118434127420186996e-03
1.829885994084179401e-03
1.333518070168793201e-03
1.648648642003536224e-03
8.715917356312274933e-04
7.365236524492502213e-04
1.119387918151915073e-03
1.138535328209400177e-03
1.708990312181413174e-03
1.191074261441826820e-03
2.162381075322628021e-03
7.240774575620889664e-04
4.399137687869369984e-04
7.634317735210061073e-04
3.850930836051702499e-03
1.156140002422034740e-03
6.969304522499442101e-04
1.692418707534670830e-03
1.169607159681618214e-03
1.541191362775862217e-03
7.003037608228623867e-04
9.801192209124565125e-04
2.654195996001362801e-03
8.848908473737537861e-04
1.542700571008026600e-03
1.390200108289718628e-03
1.061445218510925770e-03
1.539177494123578072e-03
9.041386656463146210e-04
7.600999670103192329e-04
5.078512476757168770e-04
5.019124364480376244e-04
6.216943147592246532e-04
1.087544369511306286e-03
7.819309248588979244e-04
4.804493510164320469e-04
1.242962433025240898e-03
3.917225694749504328e-04
9.785708971321582794e-04
1.207318855449557304e-03
2.614697441458702087e-03
1.442600972950458527e-03
7.126708514988422394e-04
1.009746687486767769e-03
9.650696301832795143e-04
1.153092249296605587e-03
1.325887045823037624e-03
1.946236588992178440e-03
2.013799501582980156e-03
2.386747160926461220e-03
1.938528730534017086e-03
9.976471774280071259e-04
5.675709689967334270e-04
4.963927203789353371e-04
2.226292155683040619e-03
3.261305391788482666e-03
1.527406391687691212e-03
1.200854429043829441e-03
2.154391724616289139e-03
1.910401973873376846e-03
1.063489937223494053e-03
8.053888450376689434e-04
3.022550139576196671e-03
2.110592089593410492e-03
1.156272948719561100e-03
1.098979962989687920e-03
6.108639063313603401e-04
1.219727564603090286e-03
1.843425328843295574e-03
5.655031418427824974e-04
4.889905685558915138e-04
6.013268721289932728e-04
8.928657043725252151e-04
9.662930388003587723e-04
2.922720508649945259e-03
1.503350096754729748e-03
9.491568198427557945e-04
4.260629066266119480e-04
8.285500225611031055e-04
8.876235806383192539e-04
1.672883750870823860e-03
1.191583345644176006e-03
6.024637259542942047e-04
5.811743903905153275e-04
2.014441415667533875e-03
3.173183416947722435e-03
1.185394241474568844e-03
1.371630583889782429e-03
1.802379032596945763e-03
1.724827918224036694e-03
2.374899573624134064e-03
2.297712722793221474e-03
5.968516343273222446e-04
6.841401918791234493e-04
6.592930876649916172e-04
9.960825555026531219e-04
1.172114745713770390e-03
1.651477999985218048e-03
1.359753659926354885e-03
8.571778889745473862e-04
8.378595812246203423e-04
1.607340760529041290e-03
9.614249574951827526e-04
3.181831561960279942e-04
3.153339785058051348e-04
5.696230218745768070e-04
1.094429288059473038e-03
5.890477914363145828e-04
1.918641151860356331e-03
1.202959101647138596e-03
1.353505882434546947e-03
7.352635730057954788e-04
6.392303039319813251e-04
9.704314870759844780e-04
1.275866176001727581e-03
2.035510493442416191e-03
9.467435884289443493e-04
1.332738436758518219e-03
1.782222883775830269e-03
1.828318578191101551e-03
1.385832321830093861e-03
1.313256565481424332e-03
7.802628679201006889e-04
9.105892968364059925e-04
3.889067156706005335e-04
2.676803385838866234e-03
3.492143936455249786e-03
1.238499768078327179e-03
2.383513841778039932e-03
1.483944477513432503e-03
1.659705652855336666e-03
7.136349449865520000e-04
6.559965549968183041e-04
5.925167351961135864e-04
4.982590908184647560e-04
8.152460213750600815e-04
7.313548703677952290e-04
1.191023504361510277e-03
8.325393428094685078e-04
1.372054335661232471e-03
1.616190071217715740e-03
6.669497233815491199e-04
5.683392519131302834e-04
6.476364796981215477e-04
8.907466544769704342e-04
5.646722274832427502e-04
7.735527469776570797e-04
8.287003147415816784e-04
8.555654203519225121e-04
4.822629562113434076e-04
5.450862809084355831e-04
2.386351116001605988e-03
1.682102330960333347e-03
1.304505858570337296e-03
5.279943579807877541e-04
1.128515577875077724e-03
1.452641678042709827e-03
6.877939449623227119e-04
5.122767761349678040e-04
8.084989385679364204e-04
4.639873222913593054e-04
2.914726792369037867e-04
1.039642491377890110e-03
1.054674619808793068e-03
1.040472881868481636e-03
3.849238855764269829e-04
9.588218526914715767e-04
9.848232148215174675e-04
1.068818615749478340e-03
4.022706416435539722e-04
3.954999556299299002e-04
1.557425013743340969e-03
1.069894758984446526e-03
1.558881602250039577e-03
1.054343068972229958e-03
5.134686944074928761e-04
8.022950496524572372e-04
5.425189156085252762e-04
5.459551466628909111e-04
4.792382824234664440e-04
1.432239543646574020e-03
1.229819608852267265e-03
4.559551831334829330e-03
2.088315086439251900e-03
1.118910498917102814e-03
1.212298404425382614e-03
9.428693447262048721e-04
1.236866810359060764e-03
2.331209543626755476e-04
9.897248819470405579e-04
5.530339549295604229e-04
1.143302652053534985e-03
1.140631735324859619e-03
2.617208985611796379e-03
1.808776985853910446e-03
4.851876292377710342e-04
3.527266089804470539e-04
4.568854055833071470e-04
6.038459250703454018e-04
7.763318135403096676e-04
4.296824627090245485e-04
6.281696842052042484e-04
5.328627303242683411e-04
2.314393175765872002e-03
9.332579211331903934e-04
6.120105972513556480e-04
1.352715305984020233e-03
1.269354717805981636e-03
6.234374595806002617e-04
7.330358494073152542e-04
9.160944609902799129e-04
1.569551532156765461e-03
8.949068142101168633e-04
9.867626940831542015e-04
1.076593063771724701e-03
4.642986750695854425e-04
9.529803064651787281e-04
4.304986505303531885e-04
1.032295171171426773e-03
2.769922371953725815e-03
1.798334997147321701e-03
9.219439234584569931e-04
1.409675925970077515e-03
1.251086476258933544e-03
1.351822516880929470e-03
5.962902214378118515e-04
1.900989678688347340e-03
1.037877518683671951e-03
4.718139534816145897e-04
9.104995406232774258e-04
7.310663349926471710e-04
8.934324723668396473e-04
7.708968478254973888e-04
3.909257939085364342e-04
1.265378785319626331e-03
2.808608114719390869e-03
1.894630840979516506e-03
1.142491819337010384e-03
1.471455674618482590e-03
9.563678759150207043e-04
6.075319251976907253e-04
9.425812168046832085e-04
1.769782276824116707e-03
7.693470106460154057e-04
1.107370131649076939e-03
6.872333469800651073e-04
7.919340860098600388e-04
7.705598836764693260e-04
1.619491726160049438e-03
1.134516787715256214e-03
4.137802752666175365e-04
3.029646468348801136e-04
6.026586052030324936e-04
4.555870837066322565e-04
5.240355967544019222e-04
6.979921599850058556e-04
8.598276763223111629e-04
1.444929512217640877e-03
2.891499316319823265e-03
1.265561557374894619e-03
8.981948485597968102e-04
1.708487165160477161e-03
1.337725203484296799e-03
9.785796282812952995e-04
1.509591238573193550e-03
1.162184751592576504e-03
7.666185265406966209e-04
6.269395234994590282e-04
4.538410285022109747e-04
6.993950810283422470e-04
1.571148517541587353e-03
1.328346086665987968e-03
1.750135328620672226e-03
9.402141440659761429e-04
1.337387016974389553e-03
1.167046022601425648e-03
9.501296444796025753e-04
5.979376728646457195e-04
5.150731303729116917e-04
1.245855120941996574e-03
1.550132874399423599e-03
1.010536681860685349e-03
9.440116118639707565e-04
1.084861229173839092e-03
1.633661566302180290e-03
1.801116275601089001e-03
8.556229877285659313e-04
4.531270242296159267e-04
6.970085669308900833e-04
1.377823296934366226e-03
7.517604390159249306e-04
6.507246289402246475e-04
1.059497124515473843e-03
5.867670988664031029e-04
7.760056760162115097e-04
1.009260769933462143e-03
1.514162751846015453e-03
8.929433533921837807e-04
6.143628852441906929e-04
1.314166001975536346e-03
1.041625859215855598e-03
3.876640694215893745e-04
2.066693501546978951e-03
8.989345515146851540e-04
7.272656075656414032e-04
6.486611091531813145e-04
6.338756065815687180e-04
5.955683300271630287e-04
6.101073231548070908e-04
1.167562440969049931e-03
1.034307759255170822e-03
7.609578315168619156e-04
5.213250988163053989e-04
9.093133267015218735e-04
1.304103177972137928e-03
1.388566684909164906e-03
5.396181368269026279e-04
3.709812590386718512e-04
7.196569931693375111e-04
1.115365419536828995e-03
1.678638858720660210e-03
2.740678144618868828e-03
1.025803503580391407e-03
1.048904494382441044e-03
4.867826064582914114e-04
1.143187866546213627e-03
1.504074083641171455e-03
1.545993145555257797e-03
6.377006066031754017e-04
8.046035654842853546e-04
4.436127783264964819e-04
1.151270465925335884e-03
7.478765328414738178e-04
8.397421333938837051e-04
8.260790491476655006e-04
1.329710474237799644e-03
1.321026356890797615e-03
1.410346012562513351e-03
1.360707567073404789e-03
1.041744602844119072e-03
8.238547015935182571e-04
5.610180087387561798e-04
6.049273069947957993e-04
6.463085301220417023e-04
4.073384916409850121e-04
8.025821880437433720e-04
1.751461764797568321e-03
1.219440600834786892e-03
3.289247862994670868e-03
3.157731844112277031e-03
1.599972951225936413e-03
3.711686294991523027e-04
6.259317742660641670e-04
1.246198080480098724e-03
2.016400918364524841e-03
1.187763409689068794e-03
2.413863781839609146e-03
7.569727022200822830e-04
8.491888875141739845e-04
1.258712378330528736e-03
7.601805846206843853e-04
6.275387131609022617e-04
3.107433440163731575e-04
8.396689081564545631e-04
1.465623849071562290e-03
5.085490993224084377e-04
8.111117640510201454e-04
4.107153508812189102e-04
4.673755029216408730e-04
2.724790247157216072e-04
7.115398184396326542e-04
6.016375264152884483e-04
7.539768703281879425e-04
2.026429399847984314e-03
1.239882432855665684e-03
7.278028642758727074e-04
8.377433405257761478e-04
8.082534186542034149e-04
6.798154208809137344e-04
1.357422675937414169e-03
4.338917788118124008e-04
7.604307611472904682e-04
1.192709547467529774e-03
5.899803945794701576e-04
2.277103718370199203e-03
1.384022063575685024e-03
1.059146015904843807e-03
1.043698983266949654e-03
6.824233569204807281e-04
2.822059905156493187e-04
1.853797148214653134e-04
7.876081508584320545e-04
4.979643854312598705e-04
9.892393136397004128e-04
6.532873376272618771e-04
5.277052987366914749e-04
3.964111965615302324e-04
6.948697846382856369e-04
4.840595938730984926e-04
9.880035649985074997e-04
4.137233772780746222e-04
5.204020068049430847e-03
1.709836302325129509e-03
1.280894386582076550e-03
9.617722244001924992e-04
9.485150221735239029e-04
3.866432525683194399e-04
8.720196783542633057e-04
1.020471798256039619e-03
8.537646499462425709e-04
1.689258264377713203e-03
7.116164197213947773e-04
7.054982124827802181e-04
3.505962085910141468e-04
5.365719553083181381e-04
9.158597677014768124e-04
7.944745011627674103e-04
8.315364248119294643e-04
4.568569420371204615e-04
1.103692455217242241e-03
9.101050090976059437e-04
1.118963933549821377e-03
1.066154101863503456e-03
6.763665587641298771e-04
1.075530657544732094e-03
1.315720495767891407e-03
6.773950881324708462e-04
9.710171143524348736e-04
6.078837323002517223e-04
7.892641588114202023e-04
2.544991148170083761e-04
3.533060953486710787e-04
4.687682958319783211e-04
5.069581675343215466e-04
6.836570100858807564e-04
1.002524397335946560e-03
5.520420381799340248e-04
1.214095856994390488e-03
9.235056350007653236e-04
1.506786444224417210e-03
9.764908463694155216e-04
8.977898396551609039e-04
7.461134810000658035e-04
7.701678550802171230e-04
4.050088173244148493e-04
4.154064517933875322e-04
5.639489390887320042e-04
1.013508299365639687e-03
4.315270052757114172e-04
5.428232252597808838e-04
7.456623134203255177e-04
5.395462503656744957e-04
1.898824266390874982e-04
9.307036816608160734e-05
9.322229016106575727e-05
9.694648906588554382e-05
1.492144074290990829e-04
7.415861182380467653e-05
9.518645674688741565e-05
9.598735050531104207e-05
1.320393785135820508e-04
1.341096649412065744e-04
1.363875780953094363e-04
1.524554390925914049e-04
1.753578399075195193e-04
9.418975241715088487e-05
1.373589911963790655e-04
8.560191054129973054e-05
1.373900595353916287e-04
1.444211811758577824e-04
2.450242172926664352e-04
2.057056699413806200e-04
1.573023182572796941e-04
1.158338491222821176e-04
8.596978295827284455e-05
1.143526969826780260e-04
2.284078800585120916e-04
1.367715885862708092e-04
1.338061410933732986e-04
1.011122367344796658e-04
7.648109749425202608e-05
1.084132964024320245e-04
7.318366260733455420e-05
2.286639064550399780e-04
1.721551670925691724e-04
1.530997833469882607e-04
4.667482862714678049e-04
6.214331951923668385e-04
1.528812717879191041e-04
4.739139985758811235e-04
8.642498141853138804e-05
1.630758051760494709e-04
1.380352914566174150e-04
6.422906881198287010e-05
3.511018585413694382e-04
9.995463187806308270e-05
3.052662941627204418e-04
2.261784247821196914e-04
2.734672161750495434e-04
1.714271929813548923e-04
1.492565061198547482e-04
1.769669324858114123e-04
8.620205335319042206e-05
3.400672867428511381e-04
1.114566184696741402e-04
2.585506590548902750e-04
1.628487370908260345e-04
1.953846222022548318e-04
2.010497992159798741e-04
3.003884921781718731e-04
5.830212612636387348e-04
4.607505979947745800e-04
2.862204273696988821e-04
3.168102412018924952e-04
1.373889681417495012e-04
1.347640645690262318e-04
2.918390382546931505e-04
1.092182210413739085e-04
1.297029084526002407e-04
1.867160608526319265e-04
3.415576356928795576e-04
2.137863484676927328e-04
1.017495087580755353e-04
1.242045982507988811e-04
1.793449191609397531e-04
1.324953918810933828e-04
6.549376848852261901e-05
2.071184862870723009e-04
1.852978166425600648e-04
6.521199247799813747e-05
2.446194121148437262e-04
1.216477830894291401e-04
1.658578548813238740e-04
2.688969543669372797e-04
1.423316280124709010e-04
1.608351449249312282e-04
2.292118588229641318e-04
1.852537825470790267e-04
2.785532269626855850e-04
1.098641951102763414e-04
2.461451513227075338e-04
3.876239934470504522e-04
1.968918513739481568e-04
2.243158960482105613e-04
8.801883814157918096e-05
1.423959765816107392e-04
1.762151950970292091e-04
1.396571169607341290e-04
2.688179665710777044e-04
2.690777473617345095e-04
3.129525575786828995e-04
1.752668613335117698e-04
1.267864863621070981e-04
4.327199712861329317e-04
6.397154065780341625e-04
3.031327505595982075e-04
2.512206556275486946e-04
2.109869965352118015e-04
7.727981574134901166e-05
7.872915011830627918e-05
6.213610322447493672e-05
7.721954170847311616e-05
1.168685703305527568e-04
5.957735993433743715e-05
9.525927453069016337e-05
1.100866938941180706e-04
2.250108373118564487e-04
1.550224114907905459e-04
1.027220860123634338e-04
2.300630731042474508e-04
7.990272570168599486e-05
8.482629345962777734e-05
8.077301026787608862e-05
1.230807974934577942e-04
1.579009112901985645e-04
1.225174637511372566e-04
3.396533429622650146e-04
2.539395645726472139e-04
1.894265587907284498e-04
2.047351881628856063e-04
2.230435056844726205e-04
1.208999019581824541e-04
1.909959537442773581e-04
1.156863654614426196e-04
2.407444408163428307e-04
3.870341461151838303e-04
3.118235617876052856e-04
2.456127258483320475e-04
2.738790353760123253e-04
2.296457969350740314e-04
1.472119911340996623e-04
3.177203470841050148e-04
1.597718364791944623e-04
2.643846091814339161e-04
1.862472709035500884e-04
1.818142482079565525e-04
1.561646058689802885e-04
1.432331919204443693e-04
6.347255548462271690e-04
1.759294536896049976e-04
1.098937718779779971e-04
8.606447954662144184e-05
4.624736611731350422e-04
3.464770270511507988e-04
1.580697426106780767e-04
1.548869768157601357e-04
7.950155850267037749e-05
9.338978998130187392e-05
3.135491569992154837e-04
1.883590593934059143e-04
7.783549517625942826e-05
9.980607865145429969e-05
6.707565626129508018e-05
7.397100125672295690e-05
1.088526405510492623e-04
1.993770129047334194e-04
1.583751727594062686e-04
1.516749034635722637e-04
2.508451289031654596e-04
4.867527750320732594e-04
2.892983611673116684e-04
7.639266550540924072e-05
7.559629739262163639e-05
1.558133808430284262e-04
1.293107343371957541e-04
8.530283230356872082e-05
1.516346383141353726e-04
1.574543275637552142e-04
4.489822458708658814e-05
3.163785004289820790e-05
8.520766277797520161e-05
1.819505414459854364e-04
4.925151006318628788e-04
6.127074593678116798e-04
9.487933712080121040e-04
1.883460790850222111e-04
2.149466745322570205e-04
2.571431396063417196e-04
1.689630444161593914e-04
1.685743336565792561e-04
1.388383534504100680e-04
1.269576750928536057e-04
1.904454693431034684e-04
1.433408760931342840e-04
9.037700510816648602e-05
5.251537004369311035e-05
1.398410240653902292e-04
1.630987244425341487e-04
5.831503949593752623e-05
3.582321733119897544e-05
3.542019840097054839e-05
9.540123573970049620e-05
8.741773490328341722e-05
1.010584455798380077e-04
2.709189138840883970e-04
1.936637272592633963e-04
1.528486027382314205e-04
7.638806710019707680e-05
7.181381079135462642e-05
5.936461457167752087e-05
1.786505454219877720e-04
2.296386664966121316e-04
5.170052463654428720e-05
6.791004852857440710e-05
5.335344030754640698e-05
6.036423292243853211e-05
9.436580148758366704e-05
1.274098758585751057e-04
1.338754227617755532e-04
7.079009810695424676e-05
1.964056864380836487e-04
1.113765611080452800e-04
1.040279312292113900e-04
6.104679196141660213e-04
1.153850345872342587e-03
2.931150374934077263e-04
8.153932867571711540e-05
1.203135616378858685e-04
6.560138717759400606e-05
8.651465759612619877e-05
1.139993109973147511e-04
1.684405433479696512e-04
9.416462853550910950e-05
9.010692156152799726e-05
8.658885781187564135e-05
1.736622652970254421e-04
9.790437616175040603e-05
5.700278052245266736e-05
5.539812991628423333e-05
4.611009717336855829e-05
4.855426959693431854e-05
1.094502003979869187e-04
9.963582851924002171e-05
1.076886401278898120e-04
1.095187762985005975e-04
1.186911831609904766e-04
2.685396466404199600e-04
1.560075179440900683e-04
2.973008668050169945e-04
4.129552398808300495e-04
2.807103155646473169e-04
1.616692024981603026e-04
1.896092435345053673e-04
2.396930067334324121e-04
9.576804586686193943e-05
4.231335697113536298e-05
6.947333167772740126e-05
6.523827323690056801e-05
7.006947271293029189e-05
9.772102202987298369e-05
7.545015978394076228e-05
1.587328151799738407e-04
8.753549627726897597e-05
8.716012234799563885e-05
5.919870091020129621e-05
6.857218977529555559e-05
5.207474168855696917e-05
1.283573801629245281e-04
8.578663982916623354e-05
6.143979408079758286e-05
8.568962948629632592e-05
6.141296762507408857e-05
7.919787458376958966e-05
6.579204637091606855e-05
6.855491665191948414e-05
8.804723620414733887e-05
4.792471008840948343e-05
3.802775609074160457e-05
6.782717537134885788e-05
3.518309313221834600e-05
8.883546979632228613e-05
1.278309355257079005e-04
2.458827220834791660e-04
1.834390801377594471e-03
5.526195163838565350e-04
2.564154274296015501e-04
9.750366007210686803e-05
8.832845924189314246e-05
7.312313391594216228e-05
1.540759694762527943e-04
4.682964354287832975e-04
1.187233938253484666e-04
5.708957178285345435e-05
1.071337392204441130e-04
8.591940422775223851e-05
3.016318441950716078e-05
6.913833203725516796e-05
3.352451676619239151e-05
5.981129652354866266e-05
2.220351962023414671e-05
4.689622073783539236e-05
4.845289367949590087e-05
1.034328597597777843e-04
5.223533662501722574e-05
4.826462463825009763e-05
3.738984378287568688e-05
6.163935177028179169e-05
6.479839066741988063e-05
6.874950486235320568e-05
4.875709782936610281e-05
1.394167338730767369e-04
1.474060554755851626e-04
7.884146907599642873e-05
4.816731961909681559e-05
7.514285971410572529e-05
1.419650507159531116e-04
3.373454092070460320e-04
2.466050209477543831e-04
1.310938532697036862e-04
7.140202797017991543e-05
3.532616028678603470e-05
8.564944437239319086e-05
7.936538895592093468e-05
1.381655019940808415e-04
1.316947164013981819e-04
6.263898831093683839e-05
6.978942110436037183e-05
8.923764107748866081e-05
3.573199865058995783e-05
1.749793445924296975e-04
6.725642015226185322e-05
3.213263698853552341e-05
1.223134458996355534e-04
1.715985708869993687e-04
2.296297316206619143e-04
3.018906281795352697e-04
2.921108854934573174e-03
4.600594693329185247e-04
2.434995985822752118e-04
8.727266686037182808e-05
5.684237112291157246e-05
1.019248738884925842e-04
6.140857294667512178e-05
7.863069185987114906e-05
6.027882773196324706e-05
6.274582119658589363e-05
1.708899508230388165e-04
1.048439662554301322e-04
5.868994048796594143e-05
4.660244667320512235e-05
5.185697591514326632e-05
4.668442488764412701e-05
1.219903642777353525e-04
5.391625745687633753e-05
9.024060273077338934e-05
5.984499148325994611e-05
1.818031450966373086e-04
1.057406043400987983e-04
1.298646093346178532e-04
7.878073665779083967e-05
5.655574204865843058e-05
7.248041947605088353e-05
1.357569562969729304e-04
9.178119944408535957e-05
7.875982555560767651e-05
1.668044860707595944e-04
1.060136361047625542e-03
3.997703315690159798e-04
2.240072499262169003e-04
2.187355567002668977e-04
2.418487129034474492e-04
2.047429734375327826e-04
1.242744037881493568e-04
1.764537591952830553e-04
2.285134542034938931e-04
1.291983207920566201e-04
1.548299042042344809e-04
5.367512858356349170e-05
3.486841524136252701e-05
3.079920134041458368e-05
4.628072565537877381e-05
3.861584627884440124e-05
4.203487333143129945e-05
7.839843601686879992e-05
4.245862874086014926e-05
3.717812069226056337e-05
3.667404962470754981e-05
2.931725975940935314e-05
4.048310802318155766e-05
7.586637366330251098e-05
4.491579602472484112e-05
4.069409624207764864e-05
2.538474291213788092e-05
5.807490015286020935e-05
4.560029628919437528e-05
3.999093678430654109e-05
7.677057874388992786e-05
6.026599658071063459e-05
6.727494474034756422e-05
9.265335393138229847e-05
4.271066864021122456e-04
3.865502658300101757e-04
6.343259010463953018e-04
8.647418871987611055e-05
8.438812801614403725e-05
5.850953675690107048e-05
5.762464934377931058e-05
3.405652023502625525e-05
8.285274088848382235e-05
4.798431837116368115e-05
6.935623241588473320e-05
5.393183892010711133e-05
3.662622475530952215e-05
9.600731573300436139e-05
5.302807767293415964e-05
6.139428296592086554e-05
6.918431608937680721e-05
4.930902650812640786e-05
1.000915872282348573e-04
8.281642658403143287e-05
4.766900019603781402e-05
1.233929942827671766e-04
4.144859485677443445e-05
3.220906364731490612e-05
1.308901846641674638e-04
2.157112903660163283e-04
1.290825894102454185e-04
2.203249750891700387e-04
1.242569269379600883e-04
1.151651158579625189e-04
4.901161446468904614e-05
7.338795694522559643e-05
1.000287738861516118e-04
6.876201950944960117e-05
1.658753462834283710e-04
4.752027962240390480e-05
4.860250919591635466e-05
3.612822547438554466e-05
5.073995635029859841e-05
7.626041042385622859e-05
7.962129893712699413e-05
1.042838193825446069e-04
7.746711344225332141e-05
1.205394073622301221e-04
2.032555057667195797e-04
1.683923474047333002e-04
1.684240414761006832e-04
2.028136659646406770e-04
6.307638977887108922e-05
7.031456334516406059e-05
8.876217179931700230e-05
4.202475247438997030e-05
4.164616257185116410e-05
7.097381603671237826e-05
5.314338341122493148e-05
5.307158789946697652e-05
7.011759589659050107e-05
8.169029752025380731e-05
8.117776451399549842e-05
5.589543070527724922e-05
1.630491024116054177e-04
7.231899508042261004e-05
3.597986069507896900e-04
9.934774134308099747e-04
1.884760567918419838e-04
1.490793220000341535e-04
4.901922875433228910e-05
4.597461156663484871e-05
7.004194776527583599e-05
4.061020445078611374e-05
4.200387411401607096e-05
4.410934343468397856e-05
1.046705729095265269e-04
1.724990288494154811e-04
2.759267954388633370e-05
1.915184111567214131e-05
5.189974763197824359e-05
2.009629679378122091e-04
5.208877337281592190e-05
6.153259892016649246e-05
4.515451291808858514e-05
1.775804412318393588e-04
1.143899644375778735e-04
4.904662637272849679e-05
6.494541594292968512e-05
1.304431352764368057e-04
9.487100760452449322e-05
3.723722329596057534e-05
3.329816536279395223e-05
4.318622086429968476e-05
9.718092042021453381e-05
3.238269709981977940e-04
7.040379568934440613e-05
4.705055471276864409e-05
4.619446190190501511e-05
1.249649794772267342e-04
1.358592708129435778e-04
2.897257218137383461e-04
1.195414370158687234e-04
1.014667359413579106e-04
9.141684859059751034e-05
8.206281927414238453e-05
1.006544480333104730e-04
1.185272994916886091e-04
5.526474342332221568e-05
2.524582669138908386e-05
5.067927850177511573e-05
1.760564045980572701e-04
5.718950342270545661e-05
1.606067235115915537e-04
7.058140181470662355e-05
4.534435356617905200e-05
9.047945786733180285e-05
8.664136112201958895e-05
1.908125123009085655e-04
2.465167199261486530e-04
1.415473670931532979e-04
1.228901528520509601e-04
7.146655116230249405e-05
7.478572661057114601e-05
6.318517989711835980e-05
3.330808976897969842e-05
2.334666642127558589e-04
2.785936230793595314e-04
7.706819451414048672e-05
3.438191924942657351e-05
4.005035953014157712e-05
7.691959763178601861e-05
7.996923523023724556e-05
5.041290205554105341e-05
8.196576527552679181e-05
4.085206819581799209e-05
1.607814047019928694e-04
2.121671423083171248e-04
1.351448590867221355e-04
1.086384290829300880e-03
8.426969288848340511e-04
1.807462977012619376e-04
8.478633390041068196e-05
9.367267921334132552e-05
5.635988782159984112e-05
7.363539771176874638e-05
2.525160562072414905e-05
2.540494278946425766e-05
1.157303722720826045e-05
4.935993638355284929e-05
9.597212192602455616e-05
3.224760293960571289e-04
6.851907237432897091e-04
9.164356015389785171e-05
1.018071998259983957e-04
4.074245589436031878e-05
1.440669002477079630e-04
1.386654621455818415e-04
1.842616184148937464e-04
5.428882286651059985e-05
2.512520586606115103e-05
2.977661279146559536e-05
5.226361463428474963e-05
9.477019921177998185e-05
6.800499249948188663e-05
1.590179890627041459e-04
6.931204115971922874e-04
3.485108900349587202e-04
5.903852870687842369e-04
4.117469943594187498e-04
1.358791632810607553e-04
4.001462730229832232e-05
2.431071152386721224e-05
3.434859536355361342e-05
3.136467785225249827e-05
5.995560059091076255e-05
3.921175448340363801e-05
4.197567614028230309e-05
2.826050877047237009e-05
2.792246414173860103e-05
1.734079269226640463e-04
5.276732190395705402e-05
1.140402819146402180e-04
3.834056042251177132e-05
3.691665551741607487e-05
3.871362059726379812e-05
3.949655729229561985e-05
5.444660200737416744e-05
3.667794953798875213e-05
2.802215021802112460e-05
4.931828152621164918e-05
9.979934111470356584e-05
2.660082536749541759e-04
5.988007178530097008e-04
1.254116650670766830e-03
2.042544510914012790e-04
1.301026350120082498e-04
1.378091110382229090e-04
2.137214323738589883e-04
5.790476643596775830e-05
9.246745321433991194e-05
1.171402254840359092e-04
1.325395278399810195e-04
2.814511826727539301e-04
1.164980858447961509e-04
1.081178124877624214e-04
2.252183185191825032e-05
1.272387089557014406e-05
1.107122716348385438e-05
2.009632044064346701e-05
1.427370443707332015e-05
1.454850280424579978e-05
2.091151691274717450e-05
6.309713353402912617e-05
1.816454641812015325e-05
2.056390985671896487e-05
5.750211857957765460e-05
6.144146027509123087e-05
4.227089084452018142e-05
1.960572262760251760e-05
2.211071296187583357e-05
1.801326470740605146e-05
6.908780778758227825e-05
4.120884113945066929e-05
2.699355172808282077e-05
2.710184489842504263e-04
1.343299663858488202e-04
9.836252866080030799e-05
7.263160659931600094e-05
5.463611887535080314e-05
4.078158963238820434e-05
6.949898670427501202e-05
2.143206256732810289e-05
1.170432660728693008e-03
9.028238710016012192e-04
1.624441647436469793e-04
3.985678486060351133e-04
2.878816158045083284e-04
7.618838571943342686e-05
1.509774156147614121e-04
1.865019876277074218e-04
1.595675566932186484e-04
2.402105601504445076e-04
2.802493108902126551e-04
1.555605849716812372e-04
1.156112630269490182e-04
1.295888650929555297e-04
4.723501479020342231e-05
2.314899757038801908e-05
2.243490598630160093e-05
1.591031468706205487e-05
1.485885968577349558e-05
1.461610008846037090e-05
3.654332977021113038e-05
1.813824019336607307e-05
1.448496004741173238e-05
3.937711881007999182e-05
5.726328163291327655e-05
2.834446968336123973e-05
4.546618947642855346e-05
1.071227088687010109e-04
1.054179883794859052e-04
8.695349970366805792e-05
6.111340189818292856e-05
3.504463529679924250e-05
3.209960777894593775e-05
2.204820521001238376e-05
1.612567924894392490e-03
4.815460415557026863e-04
1.979994267458096147e-04
5.672276893164962530e-05
4.003071080660447478e-05
1.028261031024158001e-04
3.058733273064717650e-05
2.812664934026543051e-05
9.413030784344300628e-05
1.185560948215425014e-03
2.742298238445073366e-04
2.040158433374017477e-04
1.568223669892176986e-04
1.222482096636667848e-04
1.630078768357634544e-04
1.912489533424377441e-04
1.246290048584342003e-04
1.151548349298536777e-04
1.231284841196611524e-04
1.233590010087937117e-04
3.084391937591135502e-05
2.699364995351061225e-05
2.811185368045698851e-05
2.203448821092024446e-05
7.485041714971885085e-05
6.104238855186849833e-05
4.832188278669491410e-05
3.436187398619949818e-05
3.072680192417465150e-05
6.918776489328593016e-05
7.095924229361116886e-04
2.555021201260387897e-04
2.013191406149417162e-04
2.871549513656646013e-04
5.285483712214045227e-05
4.177670052740722895e-05
7.467484101653099060e-05
5.418528962763957679e-05
2.958676486741751432e-05
2.940741796919610351e-05
2.541773756092879921e-05
2.662619954207912087e-05
3.600722266128286719e-05
2.303483233845327049e-05
3.221226143068633974e-05
2.973122354887891561e-05
4.404976425576023757e-05
7.002525671850889921e-05
2.704845683183521032e-04
3.487845242489129305e-04
6.290775490924715996e-05
5.617421629722230136e-05
6.959498568903654814e-05
6.153493450256064534e-05
1.362981565762311220e-04
5.434811464510858059e-05
6.019547072355635464e-05
3.375551386852748692e-05
7.092469604685902596e-05
1.119863736676052213e-04
5.103483272250741720e-05
6.260557711357250810e-05
1.403368660248816013e-04
2.014854224398732185e-03
2.756274479907006025e-04
4.266155883669853210e-04
1.040636634570546448e-04
4.054424425703473389e-05
2.182320713473018259e-05
4.142397665418684483e-05
5.483785571414045990e-05
4.967282875441014767e-04
1.378077286062762141e-04
3.988825847045518458e-05
2.538368607929442078e-05
2.232792394352145493e-05
2.718518408073578030e-05
8.413910836679860950e-05
8.078632527031004429e-05
8.731798880035057664e-05
3.254455441492609680e-05
1.223158415086800233e-05
9.022508493217173964e-06
1.051277649821713567e-05
1.110883658839156851e-05
1.075016189133748412e-05
1.341963161394232884e-05
9.177628271572757512e-06
1.078800869436236098e-05
1.341829192824661732e-05
1.218633224198129028e-05
8.681862709636334330e-06
8.295020961668342352e-06
1.053790765581652522e-05
9.753045560501050204e-06
9.971334293368272483e-06
8.153507224051281810e-06
7.988864126673433930e-06
1.676410465734079480e-05
1.344026168226264417e-05
1.122993853641673923e-05
1.404190516041126102e-05
2.345768916711676866e-05
1.795694697648286819e-05
1.772446739778388292e-05
1.274110400117933750e-05
1.444707595510408282e-05
