2.478583902120590210e-01
2.631014771759510040e-02
3.111393004655838013e-02
3.199838101863861084e-02
4.282998666167259216e-02
3.265813738107681274e-02
3.637181222438812256e-02
4.029248654842376709e-02
2.415833249688148499e-02
4.460215568542480469e-02
3.982872888445854187e-02
4.601041227579116821e-02
3.954567760229110718e-02
3.462430462241172791e-02
3.958957269787788391e-02
4.269752651453018188e-02
5.070330575108528137e-02
3.798449784517288208e-02
4.466899484395980835e-02
4.179055988788604736e-02
3.918789699673652649e-02
4.507322236895561218e-02
4.094309732317924500e-02
3.315890207886695862e-02
4.159360006451606750e-02
3.868376091122627258e-02
3.044295869767665863e-02
4.252758622169494629e-02
2.552261203527450562e-02
3.948380798101425171e-02
3.893537446856498718e-02
3.865385055541992188e-02
3.139117360115051270e-02
4.021079465746879578e-02
3.555865958333015442e-02
1.983996294438838959e-02
3.936344385147094727e-02
5.854824930429458618e-02
4.089440032839775085e-02
3.929308429360389709e-02
2.543570287525653839e-02
3.163772448897361755e-02
3.647582605481147766e-02
3.596452623605728149e-02
3.250414133071899414e-02
3.268190473318099976e-02
3.639293089509010315e-02
3.759963810443878174e-02
3.222218900918960571e-02
3.774442151188850403e-02
3.307486698031425476e-02
3.339014947414398193e-02
2.313522249460220337e-02
2.928856387734413147e-02
2.362874336540699005e-02
4.547315090894699097e-02
3.772570192813873291e-02
3.573735058307647705e-02
3.418718650937080383e-02
3.313571959733963013e-02
3.254021704196929932e-02
3.358782827854156494e-02
3.293984010815620422e-02
3.050191327929496765e-02
2.638848870992660522e-02
3.550713136792182922e-02
2.223315648734569550e-02
3.183507546782493591e-02
3.649227693676948547e-02
3.283253684639930725e-02
2.600874938070774078e-02
2.138303592801094055e-02
3.239132836461067200e-02
3.938233479857444763e-02
3.251149877905845642e-02
3.201244026422500610e-02
2.715089730918407440e-02
3.201707452535629272e-02
2.958104759454727173e-02
3.261147439479827881e-02
3.467464819550514221e-02
1.754095777869224548e-02
3.569109365344047546e-02
3.411569446325302124e-02
2.858939021825790405e-02
3.444051370024681091e-02
3.136068210005760193e-02
2.980771288275718689e-02
2.751263231039047241e-02
2.333744615316390991e-02
3.386362269520759583e-02
2.667797170579433441e-02
2.510896138846874237e-02
3.994520008563995361e-02
7.140675093978643417e-03
2.934554405510425568e-02
3.652510792016983032e-02
3.253018483519554138e-02
3.140005469322204590e-02
2.896087616682052612e-02
3.365474939346313477e-02
1.944348961114883423e-02
3.360239416360855103e-02
2.144246548414230347e-02
3.447607904672622681e-02
3.845502436161041260e-02
3.350711241364479065e-02
3.247954696416854858e-02
2.476435713469982147e-02
6.714981980621814728e-03
3.429978713393211365e-02
2.561529166996479034e-02
1.720939576625823975e-02
3.439232707023620605e-02
3.512696921825408936e-02
8.021851070225238800e-03
2.095304988324642181e-02
3.427638113498687744e-02
1.356051489710807800e-02
4.220460727810859680e-02
3.265107423067092896e-02
2.574927732348442078e-02
1.398355513811111450e-02
7.103266660124063492e-03
3.350118175148963928e-02
3.234645351767539978e-02
2.469363436102867126e-02
3.055831417441368103e-02
2.259961515665054321e-02
2.678669244050979614e-02
2.672926150262355804e-02
4.063483700156211853e-02
2.575258165597915649e-02
3.513099998235702515e-02
3.390924260020256042e-02
5.533498898148536682e-02
1.733366958796977997e-02
1.508014276623725891e-02
3.032711520791053772e-02
2.695083618164062500e-02
2.243433706462383270e-02
3.093693405389785767e-02
1.521960459649562836e-02
3.236564248800277710e-02
3.172541782259941101e-02
2.514664456248283386e-02
2.517796494066715240e-02
2.741076052188873291e-02
2.510568313300609589e-02
2.192479372024536133e-02
2.415341138839721680e-02
2.440444193780422211e-02
1.843677461147308350e-02
1.085762865841388702e-02
1.572054065763950348e-02
1.771476492285728455e-02
1.753746904432773590e-02
1.535668130964040756e-02
2.085098996758460999e-02
1.358796376734972000e-02
2.493343316018581390e-02
2.402017824351787567e-02
2.976415120065212250e-02
3.189805522561073303e-02
2.030496299266815186e-02
3.064449504017829895e-02
2.378296665847301483e-02
1.559071522206068039e-02
2.532785199582576752e-02
1.264157425612211227e-02
2.553392201662063599e-02
2.499810233712196350e-02
2.598650380969047546e-02
2.150681242346763611e-02
2.225116081535816193e-02
2.137944288551807404e-02
1.608504727482795715e-02
1.973395980894565582e-02
1.238633599132299423e-02
3.019673563539981842e-02
2.534973435103893280e-02
5.569721572101116180e-03
2.537498995661735535e-02
1.257632765918970108e-02
2.136000804603099823e-02
2.562023140490055084e-02
2.519973739981651306e-02
1.101395767182111740e-02
7.457780651748180389e-03
1.962878741323947906e-02
2.902478538453578949e-02
2.337164431810379028e-02
2.333964407444000244e-02
2.467056363821029663e-02
2.963109500706195831e-02
2.444018609821796417e-02
2.476861327886581421e-02
2.412393316626548767e-02
1.707711629569530487e-02
4.937444347888231277e-03
2.328756265342235565e-02
2.175325155258178711e-02
2.119746059179306030e-02
7.428611628711223602e-03
1.351169869303703308e-02
1.172071322798728943e-02
2.404647320508956909e-02
3.126763179898262024e-02
2.906266972422599792e-02
2.310208231210708618e-02
1.392203848809003830e-02
2.038253098726272583e-02
1.592363417148590088e-02
9.204872883856296539e-03
1.088316924870014191e-02
1.624111831188201904e-02
2.415021695196628571e-02
3.378054499626159668e-02
2.613702043890953064e-02
6.822808180004358292e-03
1.592029631137847900e-02
3.400041535496711731e-02
2.552600577473640442e-02
2.162885665893554688e-02
2.609183825552463531e-02
1.013884786516427994e-02
1.921894587576389313e-02
2.449336461722850800e-02
2.536743693053722382e-02
1.865416951477527618e-02
1.547780632972717285e-02
1.053978595882654190e-02
1.995633170008659363e-02
2.666001580655574799e-02
2.582039870321750641e-02
1.628217659890651703e-02
1.649888791143894196e-02
8.651915937662124634e-03
2.766500040888786316e-02
2.642455510795116425e-02
2.486510202288627625e-02
2.015519142150878906e-02
7.553623989224433899e-03
1.529723964631557465e-02
1.263211853802204132e-02
2.459061704576015472e-02
2.018364705145359039e-02
2.542081847786903381e-02
2.405180968344211578e-02
1.471407618373632431e-02
1.949277333915233612e-02
2.107194252312183380e-02
2.471465803682804108e-02
2.461243420839309692e-02
8.637186139822006226e-03
1.585846580564975739e-02
2.199259214103221893e-02
1.408116705715656281e-02
2.166230045258998871e-02
2.346646226942539215e-02
2.333320863544940948e-02
2.436996437609195709e-02
3.233573166653513908e-03
5.648734979331493378e-03
1.197639666497707367e-02
2.267019078135490417e-02
2.699455060064792633e-02
1.306400261819362640e-02
3.928685560822486877e-03
6.298871710896492004e-03
2.058541588485240936e-02
2.027995511889457703e-02
2.963854558765888214e-02
2.019054256379604340e-02
1.685543917119503021e-02
2.516072057187557220e-02
2.515833638608455658e-02
2.300088666379451752e-02
2.286005020141601562e-02
1.259341277182102203e-02
4.781247582286596298e-03
2.778368256986141205e-02
2.448527328670024872e-02
1.205600518733263016e-02
2.395451627671718597e-02
2.189461514353752136e-02
1.268725376576185226e-02
1.228230632841587067e-02
1.484541222453117371e-02
1.423512771725654602e-02
1.933718472719192505e-02
2.793750725686550140e-03
2.203181572258472443e-02
2.370080538094043732e-02
2.289634756743907928e-02
2.483562752604484558e-02
1.926226727664470673e-02
2.097751200199127197e-02
9.421463124454021454e-03
2.138494886457920074e-02
1.661230251193046570e-02
1.995555125176906586e-02
1.326658111065626144e-02
4.591328557580709457e-03
2.907446771860122681e-02
2.999148145318031311e-02
2.785462699830532074e-02
1.854479871690273285e-02
2.186569385230541229e-02
2.389075234532356262e-02
1.936845481395721436e-02
1.431498490273952484e-02
1.753774285316467285e-02
2.011689916253089905e-02
2.524861879646778107e-02
2.434686198830604553e-02
2.167791686952114105e-02
1.318818423897027969e-02
1.286911219358444214e-02
7.969708181917667389e-03
5.051728338003158569e-03
2.362705767154693604e-02
2.333844639360904694e-02
2.352810464799404144e-02
2.163387462496757507e-02
4.578479100018739700e-03
1.296691503375768661e-02
1.463488209992647171e-02
1.672165840864181519e-02
4.097749479115009308e-03
2.673717215657234192e-02
2.902052365243434906e-02
8.080600760877132416e-03
2.133680507540702820e-02
2.080819196999073029e-02
1.372076198458671570e-02
2.844652347266674042e-02
2.762116491794586182e-02
2.602782100439071655e-02
2.171488292515277863e-02
1.971508190035820007e-02
2.174946293234825134e-02
1.159045472741127014e-02
8.388925343751907349e-03
1.989542506635189056e-02
2.032451704144477844e-02
2.184284478425979614e-02
2.044507302343845367e-02
1.527296565473079681e-02
1.239253301173448563e-02
3.970703110098838806e-03
1.392115373164415359e-02
9.175744839012622833e-03
1.082841772586107254e-02
2.500661462545394897e-02
1.938395015895366669e-02
2.498078159987926483e-02
1.256250590085983276e-02
1.892418228089809418e-02
7.100578397512435913e-03
5.739558488130569458e-03
6.320668850094079971e-03
8.426243439316749573e-03
1.759107783436775208e-02
2.599015645682811737e-02
1.791659183800220490e-02
1.724405586719512939e-02
1.240777503699064255e-02
7.330900058150291443e-03
1.566241681575775146e-02
2.744899690151214600e-02
2.318944968283176422e-02
2.037256397306919098e-02
2.076951041817665100e-02
2.508060634136199951e-02
2.212902531027793884e-02
2.203450351953506470e-02
2.070143260061740875e-02
1.894150115549564362e-02
1.792363636195659637e-02
5.576267838478088379e-03
1.201746705919504166e-02
1.908264309167861938e-02
1.984568126499652863e-02
8.812751621007919312e-03
1.898017339408397675e-02
2.016464062035083771e-02
1.480594649910926819e-02
1.566158980131149292e-02
2.072990499436855316e-02
1.859793812036514282e-02
1.921326480805873871e-02
5.880922544747591019e-03
6.066648289561271667e-03
3.716447390615940094e-03
2.410252764821052551e-02
2.367011830210685730e-02
1.481653191149234772e-02
1.012572180479764938e-02
9.191175922751426697e-03
1.876109093427658081e-02
2.169051207602024078e-02
1.968462206423282623e-02
5.938366521149873734e-03
5.451956298202276230e-03
7.474306970834732056e-03
6.420529913157224655e-03
2.243176847696304321e-02
1.329981163144111633e-02
2.286506630480289459e-02
1.772675290703773499e-02
8.561383932828903198e-03
1.090183295309543610e-02
1.820007711648941040e-02
2.263373322784900665e-02
1.698761060833930969e-02
6.159836426377296448e-03
5.292017478495836258e-03
2.236148156225681305e-02
8.429668843746185303e-03
3.509283298626542091e-03
1.493643969297409058e-02
3.722896333783864975e-03
3.307258710265159607e-03
9.282488375902175903e-03
5.232412368059158325e-03
7.847866043448448181e-03
2.496212534606456757e-02
7.448987569659948349e-03
1.754360832273960114e-02
2.377356030046939850e-02
2.432636916637420654e-02
1.919560879468917847e-02
1.963254064321517944e-02
1.482043229043483734e-02
2.352549321949481964e-02
1.924970932304859161e-02
1.890166848897933960e-02
2.284431271255016327e-02
1.732989028096199036e-02
1.405704859644174576e-02
9.428218938410282135e-03
5.285887513309717178e-03
3.938294015824794769e-03
6.279513705521821976e-03
4.286624956876039505e-03
3.560244338586926460e-03
1.043518818914890289e-02
2.865686453878879547e-02
2.302331849932670593e-02
2.281271852552890778e-02
5.051099229604005814e-03
1.398295629769563675e-02
1.755888387560844421e-02
6.730940192937850952e-03
4.272307269275188446e-03
4.637144040316343307e-03
1.517549902200698853e-02
1.075824350118637085e-02
2.439250983297824860e-02
2.045833878219127655e-02
1.959729753434658051e-02
7.943130098283290863e-03
7.211497053503990173e-03
6.620717700570821762e-03
1.585338264703750610e-02
2.296666614711284637e-02
2.193070389330387115e-02
4.158616997301578522e-03
3.931940998882055283e-03
1.838608272373676300e-02
2.224101871252059937e-02
2.329480834305286407e-02
1.932516135275363922e-02
2.013829909265041351e-02
2.090075425803661346e-02
1.862107031047344208e-02
1.701903901994228363e-02
8.959833532571792603e-03
5.884617567062377930e-03
4.749374929815530777e-03
7.561304606497287750e-03
1.330590341240167618e-02
5.241205915808677673e-03
1.081360504031181335e-02
2.561542578041553497e-02
1.406615413725376129e-02
4.136015661060810089e-03
7.382880896329879761e-03
2.044256962835788727e-02
2.893375419080257416e-02
2.050385065376758575e-02
1.667794585227966309e-02
6.497520022094249725e-03
5.161076784133911133e-03
6.474802270531654358e-03
2.141637727618217468e-02
1.396456640213727951e-02
2.054279483854770660e-02
2.067247591912746429e-02
2.215723693370819092e-02
2.510628290474414825e-02
1.647481694817543030e-02
1.066369190812110901e-02
7.478084415197372437e-03
1.032528746873140335e-02
1.282425876706838608e-02
2.161639370024204254e-02
1.171733345836400986e-02
3.007860109210014343e-02
1.422836910933256149e-02
5.028083454817533493e-03
1.232089381664991379e-02
6.123611703515052795e-03
6.968419533222913742e-03
1.208249945193529129e-02
2.332031726837158203e-02
1.812325045466423035e-02
1.947945728898048401e-02
9.030944667756557465e-03
7.165881805121898651e-03
5.120586138218641281e-03
6.103128660470247269e-03
7.328817155212163925e-03
8.505381643772125244e-03
2.473452873528003693e-02
2.617171034216880798e-02
1.135759148746728897e-02
6.083914078772068024e-03
5.981053225696086884e-03
1.842337846755981445e-02
2.019100263714790344e-02
1.379204262048006058e-02
1.888524927198886871e-02
1.243238430470228195e-02
2.481993660330772400e-02
1.342553738504648209e-02
1.605839468538761139e-02
1.498655695468187332e-02
1.511796005070209503e-02
1.476601976901292801e-02
1.777752302587032318e-02
5.151605699211359024e-03
2.524703741073608398e-03
5.141683854162693024e-03
1.836874522268772125e-02
1.835180260241031647e-02
1.138824597001075745e-02
1.458449009805917740e-02
1.089065708220005035e-02
7.401238661259412766e-03
5.389129742980003357e-03
5.685131065547466278e-03
1.191454008221626282e-02
1.577514596283435822e-02
1.633105799555778503e-02
2.072812058031558990e-02
2.145179919898509979e-02
1.494882814586162567e-02
1.624099165201187134e-02
1.027398463338613510e-02
1.947074942290782928e-02
7.694707717746496201e-03
1.866169832646846771e-02
2.709844615310430527e-03
1.153077930212020874e-02
1.758632808923721313e-02
1.212242525070905685e-02
1.549016218632459641e-02
6.842454895377159119e-03
1.539074908941984177e-02
1.142744440585374832e-02
1.980141550302505493e-02
1.125864312052726746e-02
7.927489466965198517e-03
3.815545933321118355e-03
7.175524719059467316e-03
4.115720745176076889e-03
1.103456225246191025e-02
2.416526339948177338e-02
2.154432237148284912e-02
1.211468223482370377e-02
2.040327154099941254e-02
9.067496284842491150e-03
1.088607776910066605e-02
2.150831930339336395e-02
2.024638466536998749e-02
1.574978791177272797e-02
4.051818512380123138e-03
5.977927241474390030e-03
2.462483569979667664e-02
1.998251862823963165e-02
2.020968124270439148e-02
1.791952922940254211e-02
1.146523561328649521e-02
2.209665067493915558e-02
1.962078735232353210e-02
1.136283483356237411e-02
7.670325227081775665e-03
6.123338826000690460e-03
5.593288689851760864e-03
1.956991106271743774e-02
1.927391812205314636e-02
1.031870767474174500e-02
9.817590937018394470e-03
9.407875128090381622e-03
5.669631995260715485e-03
7.384430151432752609e-03
2.529975399374961853e-02
2.101526409387588501e-02
1.371099706739187241e-02
8.479400537908077240e-03
3.506056731566786766e-03
1.383118052035570145e-02
4.029279109090566635e-03
4.898397251963615417e-03
4.937094170600175858e-03
1.136207114905118942e-02
4.308310896158218384e-02
3.280794247984886169e-02
3.132602944970130920e-02
1.110564824193716049e-02
1.272108871489763260e-02
4.716583993285894394e-03
8.480617776513099670e-03
1.828247681260108948e-02
2.314861305058002472e-02
1.928957551717758179e-02
1.713156141340732574e-02
2.187121473252773285e-02
2.164780162274837494e-02
1.572654023766517639e-02
1.629466563463211060e-02
9.662961587309837341e-03
6.481159944087266922e-03
5.860466975718736649e-03
9.339280426502227783e-03
2.141394466161727905e-02
2.200703881680965424e-02
1.585412956774234772e-02
1.598440110683441162e-02
1.476275641471147537e-02
7.924164645373821259e-03
4.143022466450929642e-03
6.279190070927143097e-03
1.031444035470485687e-02
2.771379239857196808e-02
9.072079323232173920e-03
7.565079722553491592e-03
7.586468011140823364e-03
5.969543475657701492e-03
9.769916534423828125e-03
2.336852811276912689e-02
1.748916879296302795e-02
1.117708720266819000e-02
7.652873173356056213e-03
7.729818113148212433e-03
8.664040826261043549e-03
1.253731362521648407e-02
3.623141674324870110e-03
9.296860545873641968e-03
2.194141224026679993e-02
2.460609190165996552e-02
9.420626796782016754e-03
5.420045927166938782e-03
2.535270527005195618e-03
5.136481486260890961e-03
5.845336243510246277e-03
1.811980083584785461e-02
2.225612848997116089e-02
2.130274474620819092e-02
1.964766345918178558e-02
1.709785498678684235e-02
1.156882382929325104e-02
6.867209449410438538e-03
6.968604866415262222e-03
1.579885557293891907e-02
2.241826616227626801e-02
1.466201990842819214e-02
1.889148540794849396e-02
1.285701524466276169e-02
8.255217224359512329e-03
1.238049007952213287e-02
2.104334346950054169e-02
1.010112836956977844e-02
1.310536731034517288e-02
4.178141243755817413e-03
1.166482642292976379e-02
2.707278728485107422e-02
2.330692484974861145e-02
1.118861883878707886e-02
9.381512179970741272e-03
1.870305836200714111e-02
1.611618138849735260e-02
1.213465351611375809e-02
8.303158916532993317e-03
5.912012420594692230e-03
6.008888594806194305e-03
7.985893636941909790e-03
6.918668281286954880e-03
5.273175891488790512e-03
5.129373166710138321e-03
7.819566875696182251e-03
1.900340616703033447e-02
2.501775510609149933e-02
2.026420645415782928e-02
1.380556728690862656e-02
1.511517539620399475e-02
1.172652374953031540e-02
5.567222367972135544e-03
5.679823923856019974e-03
5.994118284434080124e-03
7.125680334866046906e-03
2.067796653136610985e-03
3.274274058640003204e-03
3.183822380378842354e-03
1.995437219738960266e-02
3.408365696668624878e-02
2.329112030565738678e-02
1.808873936533927917e-02
1.554870139807462692e-02
1.743533089756965637e-02
2.172593586146831512e-02
1.635803654789924622e-02
1.216611824929714203e-02
5.133555736392736435e-03
3.753009717911481857e-03
6.725811865180730820e-03
1.592129282653331757e-02
1.655344292521476746e-02
1.397164724767208099e-02
9.935474023222923279e-03
4.364884924143552780e-03
1.852961070835590363e-02
2.004127949476242065e-02
1.793285645544528961e-02
7.627440150827169418e-03
4.836906678974628448e-03
7.050897926092147827e-03
5.221380386501550674e-03
1.688555628061294556e-02
7.524899207055568695e-03
1.025622803717851639e-02
7.431218400597572327e-03
1.738420315086841583e-02
1.615700870752334595e-02
1.521467883139848709e-02
1.250851992517709732e-02
1.169894356280565262e-02
1.132136303931474686e-02
1.408969890326261520e-02
3.697589039802551270e-02
1.611086353659629822e-02
8.615305647253990173e-03
5.840787198394536972e-03
6.837697699666023254e-03
7.813896052539348602e-03
5.154259968549013138e-03
4.437203053385019302e-03
5.214865319430828094e-03
1.069257594645023346e-02
1.160888653248548508e-02
9.214022196829319000e-03
1.716842502355575562e-02
5.279915872961282730e-03
3.403339302167296410e-03
3.811020636931061745e-03
3.755774814635515213e-03
9.048616513609886169e-03
6.271303165704011917e-03
1.503271609544754028e-02
3.209757432341575623e-02
2.145887911319732666e-02
1.738287694752216339e-02
1.709476485848426819e-02
1.502619963139295578e-02
7.754140067845582962e-03
5.659606307744979858e-03
2.690433058887720108e-03
3.507778281345963478e-03
4.078126046806573868e-03
2.215623110532760620e-02
2.222231775522232056e-02
1.741288416087627411e-02
1.236970163881778717e-02
1.468911860138177872e-02
1.566999964416027069e-02
1.631793193519115448e-02
6.926218047738075256e-03
7.343334145843982697e-03
1.264108531177043915e-02
2.489738631993532181e-03
2.246003830805420876e-03
2.776256995275616646e-03
1.494605094194412231e-02
9.360366500914096832e-03
2.484498731791973114e-02
2.179897576570510864e-02
1.862745732069015503e-02
1.826354116201400757e-02
1.770155690610408783e-02
1.455965172499418259e-02
7.784945890307426453e-03
1.493035908788442612e-02
8.434466086328029633e-03
1.620588451623916626e-02
1.041754242032766342e-02
1.038137078285217285e-02
1.659793779253959656e-02
9.854294359683990479e-03
4.317600280046463013e-03
4.958274774253368378e-03
4.408118315041065216e-03
8.427154272794723511e-03
2.064536884427070618e-02
1.672063954174518585e-02
7.304330356419086456e-03
3.151766955852508545e-03
3.859987482428550720e-03
5.111840553581714630e-03
2.553746849298477173e-02
2.199811860918998718e-02
3.286331659182906151e-03
7.689574733376502991e-03
1.586996763944625854e-02
1.507783867418766022e-02
1.541557069867849350e-02
1.396578550338745117e-02
1.131513155996799469e-02
9.074741974472999573e-03
7.775202859193086624e-03
5.070090293884277344e-03
3.348396159708499908e-03
2.859075320884585381e-03
1.202008035033941269e-02
1.110237371176481247e-02
9.628835134208202362e-03
8.751120418310165405e-03
6.055356934666633606e-03
9.438706561923027039e-03
4.933831281960010529e-03
3.384207142516970634e-03
7.074858993291854858e-03
3.182462602853775024e-02
1.874104887247085571e-02
1.736525632441043854e-02
1.537622231990098953e-02
1.464942656457424164e-02
1.691481657326221466e-02
2.660276601091027260e-03
3.539982251822948456e-03
4.517183639109134674e-03
6.678374949842691422e-03
4.518224857747554779e-03
1.789552159607410431e-02
1.515047438442707062e-02
1.275073550641536713e-02
1.508772000670433044e-02
1.099747419357299805e-02
1.045872829854488373e-02
5.394075065851211548e-03
3.993093036115169525e-03
3.147412789985537529e-03
2.653081668540835381e-03
6.868587341159582138e-03
8.781855925917625427e-03
7.383397314697504044e-03
1.856818236410617828e-02
1.917579583823680878e-02
1.446511875838041306e-02
6.263515446335077286e-03
1.320991758257150650e-02
1.714393682777881622e-02
1.453639660030603409e-02
1.396975852549076080e-02
1.441230997443199158e-02
8.872641250491142273e-03
1.276317611336708069e-02
1.459256559610366821e-02
8.148008957505226135e-03
5.674743559211492538e-03
5.687299184501171112e-03
4.170913249254226685e-03
2.377584576606750488e-03
1.815767609514296055e-03
2.502844668924808502e-03
3.240599064156413078e-03
3.212371375411748886e-03
4.615364596247673035e-03
2.383009297773241997e-03
1.609011739492416382e-02
1.627344824373722076e-02
1.584183610975742340e-02
1.609769277274608612e-02
2.167540043592453003e-02
2.429753355681896210e-02
4.197468049824237823e-03
3.087130375206470490e-03
4.641021136194467545e-03
4.899211693555116653e-03
6.392272654920816422e-03
4.514241125434637070e-03
2.277711406350135803e-03
3.326807636767625809e-03
2.722558099776506424e-03
1.329125836491584778e-02
1.062300801277160645e-02
7.205334957689046860e-03
2.546535432338714600e-02
2.244497463107109070e-02
1.531722303479909897e-02
1.333380956202745438e-02
1.317433081567287445e-02
1.175465714186429977e-02
1.136291027069091797e-02
1.351949200034141541e-02
8.122437633574008942e-03
5.223383195698261261e-03
1.005491521209478378e-02
1.335317268967628479e-02
1.291182637214660645e-02
1.422245614230632782e-02
1.262053474783897400e-02
3.968834411352872849e-03
8.550271391868591309e-03
1.509142294526100159e-02
1.564259640872478485e-02
1.418303325772285461e-02
1.399410888552665710e-02
1.166942343115806580e-02
1.738451793789863586e-02
1.575483009219169617e-02
9.497165679931640625e-03
1.324565988034009933e-02
1.173296105116605759e-02
1.150432601571083069e-02
1.977118849754333496e-02
2.431398956105113029e-03
2.086686203256249428e-03
3.141308203339576721e-03
3.153157187625765800e-03
2.071480266749858856e-03
4.106464330106973648e-03
1.446043979376554489e-02
8.932408876717090607e-03
8.612927049398422241e-03
8.513037115335464478e-03
8.026600815355777740e-03
3.729300573468208313e-03
2.258749213069677353e-03
5.539806094020605087e-03
1.108234003186225891e-02
6.552562117576599121e-03
8.668663911521434784e-03
2.798497118055820465e-02
1.497168745845556259e-02
1.525368075817823410e-02
1.466227881610393524e-02
1.132372859865427017e-02
7.574093993753194809e-03
6.585259921848773956e-03
1.208149641752243042e-02
1.314702071249485016e-02
1.741550862789154053e-02
5.476661492139101028e-03
3.056736662983894348e-03
3.674902953207492828e-03
3.434206824749708176e-03
1.522000995464622974e-03
2.491284860298037529e-03
3.745643422007560730e-03
6.286346819251775742e-03
8.717976510524749756e-03
4.007545113563537598e-02
1.559440884739160538e-02
2.428289037197828293e-03
2.324706176295876503e-03
3.269892884418368340e-03
3.311683889478445053e-03
2.321428619325160980e-03
1.974159386008977890e-03
2.358626341447234154e-03
7.922236807644367218e-03
2.428125403821468353e-02
1.716177538037300110e-02
1.584309712052345276e-02
1.678500510752201080e-02
1.667198352515697479e-02
1.132712233811616898e-02
1.173192635178565979e-02
1.456497050821781158e-02
1.462958566844463348e-02
1.620092056691646576e-02
1.363384258002042770e-02
1.008266117423772812e-02
1.235165633261203766e-02
9.087248705327510834e-03
3.315815934911370277e-03
1.406106259673833847e-02
3.245494514703750610e-02
1.374000404030084610e-02
1.032201014459133148e-02
9.690464474260807037e-03
8.375998586416244507e-03
4.128273576498031616e-03
1.888223341666162014e-03
5.252754315733909607e-03
3.317841794341802597e-03
3.634929889813065529e-03
4.971065092831850052e-03
4.937348887324333191e-03
8.892070502042770386e-03
3.587414277717471123e-03
5.542563740164041519e-03
1.266341935843229294e-02
1.855591684579849243e-02
9.376372210681438446e-03
8.319760672748088837e-03
9.187473915517330170e-03
1.615306362509727478e-02
1.536371838301420212e-02
1.998927257955074310e-02
1.512438897043466568e-02
1.440968737006187439e-02
1.306652091443538666e-02
1.245781313627958298e-02
1.192768104374408722e-02
1.280691940337419510e-02
5.427758675068616867e-03
3.221929073333740234e-03
2.586340997368097305e-03
2.063818508759140968e-03
3.013327717781066895e-03
2.833321457728743553e-03
4.103679209947586060e-03
5.257132463157176971e-03
4.136960953474044800e-03
8.729124441742897034e-03
4.885843768715858459e-02
2.057699486613273621e-02
1.769680157303810120e-02
1.057250145822763443e-02
9.711545892059803009e-03
6.147487089037895203e-03
1.521831005811691284e-02
1.239765994250774384e-02
4.942435771226882935e-03
3.346680663526058197e-03
2.953243209049105644e-03
4.497111774981021881e-03
1.653344370424747467e-02
2.777894213795661926e-02
2.506815642118453979e-02
1.960038021206855774e-02
2.100872434675693512e-02
1.690737903118133545e-02
1.498606707900762558e-02
1.371826417744159698e-02
1.661043614149093628e-02
2.167541906237602234e-02
9.333337657153606415e-03
9.700790978968143463e-03
7.532982155680656433e-03
5.542279686778783798e-03
5.015924572944641113e-03
5.173005629330873489e-03
4.210024140775203705e-03
2.311155432835221291e-03
2.249226672574877739e-03
4.829008132219314575e-03
5.678850226104259491e-03
1.303100120276212692e-02
3.609146922826766968e-02
1.746567524969577789e-02
1.591187901794910431e-02
1.656892709434032440e-02
1.748902164399623871e-02
1.387660857290029526e-02
4.285984672605991364e-03
1.174429152160882950e-02
1.440832950174808502e-02
1.374785322695970535e-02
1.075168885290622711e-02
1.571655832231044769e-02
1.252138055860996246e-02
1.469364389777183533e-02
1.356882415711879730e-02
1.222890242934226990e-02
1.204606052488088608e-02
1.354821678251028061e-02
1.371501572430133820e-02
1.099143642932176590e-02
1.082099601626396179e-02
1.144099794328212738e-02
1.020810939371585846e-02
4.143509548157453537e-03
2.065486507490277290e-03
1.723269931972026825e-03
4.406130407005548477e-03
1.455184444785118103e-02
4.324160888791084290e-02
1.571540720760822296e-02
1.454603578895330429e-02
7.280455436557531357e-03
3.664280520752072334e-03
4.245526157319545746e-03
8.091591298580169678e-03
5.340160336345434189e-03
1.350302807986736298e-02
1.228809077292680740e-02
1.376866176724433899e-02
1.250485144555568695e-02
1.046635396778583527e-02
2.915497403591871262e-03
3.507333109155297279e-03
1.500130072236061096e-02
1.040144637227058411e-02
5.712720099836587906e-03
4.663967061787843704e-03
3.532335162162780762e-03
2.751670079305768013e-03
3.334450768306851387e-03
3.180111059918999672e-03
3.702061716467142105e-03
3.241552039980888367e-03
4.217435140162706375e-03
4.811649210751056671e-03
6.947094574570655823e-03
1.464277505874633789e-02
1.150444895029067993e-02
5.571319255977869034e-03
4.670468624681234360e-03
3.647922538220882416e-03
8.880961686372756958e-03
1.419993489980697632e-02
5.301865283399820328e-03
2.454952895641326904e-02
1.949832774698734283e-02
1.668915152549743652e-02
1.812848635017871857e-02
1.193053461611270905e-02
8.224509656429290771e-03
2.008153125643730164e-03
6.254471372812986374e-03
2.715244330465793610e-02
1.372751127928495407e-02
1.256845612078905106e-02
1.325246784836053848e-02
8.814360946416854858e-03
9.779116138815879822e-03
7.111934479326009750e-03
5.773719400167465210e-03
2.901801140978932381e-03
6.201670970767736435e-03
6.757482420653104782e-03
4.138318356126546860e-03
4.299987107515335083e-03
6.773696746677160263e-03
5.558056291192770004e-03
4.085564520210027695e-03
4.492629319429397583e-03
3.367873840034008026e-03
5.490475334227085114e-03
3.460709471255540848e-03
1.991954632103443146e-02
3.619742020964622498e-02
2.050730027258396149e-02
1.069821231067180634e-02
4.602769855409860611e-03
2.045339904725551605e-03
2.558896783739328384e-03
3.120664739981293678e-03
3.298524301499128342e-03
4.831455647945404053e-03
3.516964847221970558e-03
3.339518094435334206e-03
2.750178333371877670e-03
4.840950481593608856e-03
4.158481955528259277e-03
6.526799872517585754e-03
4.984274972230195999e-03
3.444797173142433167e-02
3.093741834163665771e-02
1.986088231205940247e-02
1.036812737584114075e-02
5.705220159143209457e-03
8.219680748879909515e-03
1.357234641909599304e-02
1.226370409131050110e-02
6.492792163044214249e-03
2.211777679622173309e-02
1.686777547001838684e-02
1.340133789926767349e-02
6.365675944834947586e-03
1.766770519316196442e-02
1.443943753838539124e-02
1.147113554179668427e-02
1.246341504156589508e-02
2.637510653585195541e-03
4.689191468060016632e-03
1.201136689633131027e-02
2.456031367182731628e-02
2.363915368914604187e-02
1.621124893426895142e-02
1.775110326707363129e-02
1.341177243739366531e-02
8.317958563566207886e-03
6.352035794407129288e-03
3.773439908400177956e-03
2.897833473980426788e-03
3.893773071467876434e-03
2.924117958173155785e-03
2.258556429296731949e-03
3.590769832953810692e-03
5.378784146159887314e-03
1.438611745834350586e-02
2.140748500823974609e-02
2.293920330703258514e-02
1.830870285630226135e-02
1.693286933004856110e-02
1.635312288999557495e-02
1.090954523533582687e-02
1.236905809491872787e-02
5.744997877627611160e-03
1.840086188167333603e-03
2.905838424339890480e-03
3.492973977699875832e-03
7.391216699033975601e-03
2.811168087646365166e-03
3.907924983650445938e-03
3.717236453667283058e-03
3.343892749398946762e-03
2.037895144894719124e-03
5.770230200141668320e-04
6.010593497194349766e-04
1.000422867946326733e-03
7.385158678516745567e-04
6.710382294841110706e-04
6.190133863128721714e-04
7.746459450572729111e-04
9.735415223985910416e-04
6.982441991567611694e-04
8.864291594363749027e-04
1.506481203250586987e-03
1.680751098319888115e-03
1.513121183961629868e-03
8.030075696296989918e-04
7.874772418290376663e-04
1.716555212624371052e-03
4.847456235438585281e-03
6.376184988766908646e-03
4.482010379433631897e-03
2.569250529631972313e-03
6.473910761997103691e-04
5.894946516491472721e-04
1.209442852996289730e-03
1.193286036141216755e-03
1.179874525405466557e-03
6.107657100073993206e-04
9.710413869470357895e-04
1.102940412238240242e-03
1.126446062698960304e-03
1.048744772560894489e-03
1.528227003291249275e-03
1.654317136853933334e-03
1.758417929522693157e-03
4.485495854169130325e-03
3.035523695871233940e-03
1.057001412846148014e-03
1.776978489942848682e-03
8.228126680478453636e-04
1.395880011841654778e-03
2.296455670148134232e-03
1.003063051030039787e-03
1.984404399991035461e-03
1.402233378030359745e-03
5.861499346792697906e-03
3.254809649661183357e-03
1.309895073063671589e-03
1.398661173880100250e-03
2.056850120425224304e-03
1.429906347766518593e-03
1.009827712550759315e-03
2.039306564256548882e-03
1.333382097072899342e-03
1.466972636990249157e-03
1.524735358543694019e-03
1.932851038873195648e-03
2.451612846925854683e-03
2.761116949841380119e-03
5.287354812026023865e-03
4.700803197920322418e-03
1.277668867260217667e-03
1.660475274547934532e-03
1.100683934055268764e-03
1.637119217775762081e-03
2.190345432609319687e-03
1.656308886595070362e-03
2.073344541713595390e-03
2.172502921894192696e-03
2.846497111022472382e-03
1.750224502757191658e-03
1.414929167367517948e-03
1.109466422349214554e-03
1.469411537982523441e-03
1.919552218168973923e-03
1.302436459809541702e-03
2.528061857447028160e-03
2.399741439148783684e-03
9.873579256236553192e-04
1.132420031353831291e-03
1.720301457680761814e-03
2.425413811579346657e-03
1.589591032825410366e-03
2.149259904399514198e-03
2.280198270455002785e-03
2.649990841746330261e-03
2.090508118271827698e-03
1.466230023652315140e-03
1.773481955751776695e-03
2.824310911819338799e-03
1.806497224606573582e-03
2.129356609657406807e-03
2.031507901847362518e-03
7.793153636157512665e-04
1.327913836576044559e-03
1.991233322769403458e-03
1.273983158171176910e-03
2.745115663856267929e-03
1.670037978328764439e-03
1.690420787781476974e-03
1.394466729834675789e-03
3.027844475582242012e-03
1.060533523559570312e-02
1.596719212830066681e-02
9.682686068117618561e-03
6.739579606801271439e-03
6.725158542394638062e-03
1.012419816106557846e-03
5.780775682069361210e-04
7.339348667301237583e-04
5.421927780844271183e-04
6.406870670616626740e-04
5.106348544359207153e-04
8.793508750386536121e-04
1.296411268413066864e-03
1.706683891825377941e-03
1.455659279599785805e-03
1.187387155368924141e-03
1.148556242696940899e-03
1.091258134692907333e-03
8.434282499365508556e-04
1.112992409616708755e-03
1.491620671004056931e-03
1.419660053215920925e-03
1.321737421676516533e-03
3.152928082272410393e-03
2.603354165330529213e-03
9.714620537124574184e-04
2.046117093414068222e-03
2.180568408221006393e-03
1.990919467061758041e-03
2.333310432732105255e-03
2.563462592661380768e-03
3.144243266433477402e-03
3.372098552063107491e-03
2.221884205937385559e-03
2.326700370758771896e-03
4.366530105471611023e-03
1.895563444122672081e-03
2.380349440500140190e-03
1.928087789565324783e-03
2.049887785688042641e-03
1.104478607885539532e-03
2.113918540999293327e-03
3.993740770965814590e-03
1.480345381423830986e-03
1.022785436362028122e-03
3.643987467512488365e-03
1.289315172471106052e-03
1.166899222880601883e-03
9.112489060498774052e-04
7.450205273926258087e-03
1.177082862704992294e-02
8.812850574031472206e-04
7.050634012557566166e-04
6.278654909692704678e-04
1.672655926086008549e-03
1.319103292189538479e-03
1.521142898127436638e-03
1.000860705971717834e-03
1.633845153264701366e-03
1.017617527395486832e-03
9.186473325826227665e-04
8.710143156349658966e-04
1.509149791672825813e-03
2.243477385491132736e-03
2.340991748496890068e-03
2.176195150241255760e-03
5.859436001628637314e-03
2.467830665409564972e-03
1.488410867750644684e-03
1.181679312139749527e-03
1.598541275598108768e-03
1.692132907919585705e-03
1.785204396583139896e-03
1.718678278848528862e-03
2.094796625897288322e-03
7.289113127626478672e-04
5.469495081342756748e-04
1.734785386361181736e-03
3.527379361912608147e-03
4.855552222579717636e-03
1.541377976536750793e-02
1.123226806521415710e-02
8.851045742630958557e-03
7.833020761609077454e-03
6.794732995331287384e-03
6.352073047310113907e-03
5.648610647767782211e-03
5.447149742394685745e-03
4.404392093420028687e-03
5.774185527116060257e-03
4.461837001144886017e-03
1.549637177959084511e-03
4.320811131037771702e-04
8.238065056502819061e-04
1.240948680788278580e-03
4.415703879203647375e-04
5.375339533202350140e-04
5.340782226994633675e-04
7.596228970214724541e-04
7.908854167908430099e-04
5.024237325415015221e-04
1.099300337955355644e-03
1.217667362652719021e-03
8.606615592725574970e-04
5.987853510305285454e-04
8.236940484493970871e-04
9.801624109968543053e-04
2.404608065262436867e-03
1.009983243420720100e-03
8.241153554990887642e-04
9.103947668336331844e-04
9.744109120219945908e-04
1.123064197599887848e-03
2.547181211411952972e-03
1.541730598546564579e-03
1.579559757374227047e-03
1.326528959907591343e-03
2.056730911135673523e-03
1.512196497060358524e-03
9.880490833893418312e-04
1.974503137171268463e-02
1.894063875079154968e-02
2.823562826961278915e-03
1.404671464115381241e-03
7.563206017948687077e-04
1.097513362765312195e-03
6.439460557885468006e-04
8.171330555342137814e-04
1.842573634348809719e-03
1.626565703190863132e-03
1.690301112830638885e-03
2.303691348060965538e-03
2.056056167930364609e-03
1.002201111987233162e-03
8.905096910893917084e-04
7.140251109376549721e-04
7.281649741344153881e-04
9.545178036205470562e-04
2.288067946210503578e-03
1.230908441357314587e-03
1.060657552443444729e-03
1.673244521953165531e-03
1.253141323104500771e-03
2.360788639634847641e-03
2.986028091982007027e-03
5.624841433018445969e-03
1.348404772579669952e-02
9.228048846125602722e-03
7.439638487994670868e-03
7.009040564298629761e-03
7.138772401958703995e-03
1.243343460373580456e-03
4.053662414662539959e-04
1.051930827088654041e-03
8.676850120536983013e-04
6.122562917880713940e-04
1.359118265099823475e-03
7.722494774498045444e-04
1.530707231722772121e-03
1.154993427917361259e-03
1.035329303704202175e-03
7.247342728078365326e-04
1.000880729407072067e-03
6.883449386805295944e-04
1.045967335812747478e-03
1.291479798965156078e-03
1.013362430967390537e-03
1.887843944132328033e-03
7.812833064235746861e-04
1.307447906583547592e-03
1.251550624147057533e-03
8.495231741108000278e-04
9.855212410911917686e-04
5.803229287266731262e-04
6.730519817210733891e-04
1.165188499726355076e-03
1.049128593876957893e-03
1.349963364191353321e-03
1.820885576307773590e-03
4.696824587881565094e-03
2.222303301095962524e-02
8.431363850831985474e-03
5.958335008472204208e-03
1.497261342592537403e-03
1.227421569637954235e-03
9.154136641882359982e-04
2.441823249682784081e-03
7.841154001653194427e-03
1.371704391203820705e-03
1.074505620636045933e-03
1.133613055571913719e-03
1.335402019321918488e-03
5.791362491436302662e-04
9.787245653569698334e-04
8.889838354662060738e-04
1.314595341682434082e-03
9.687789715826511383e-04
1.397274434566497803e-03
1.126315095461905003e-03
1.117856707423925400e-03
1.235842006281018257e-03
1.166372792795300484e-03
1.126233371905982494e-03
5.255793221294879913e-04
1.706180162727832794e-03
1.217310316860675812e-03
1.254250761121511459e-03
2.308455528691411018e-03
3.275798866525292397e-03
1.414866885170340538e-03
9.680730872787535191e-04
1.053950167261064053e-03
2.102548722177743912e-03
4.025644622743129730e-03
2.592581557109951973e-03
1.904110657051205635e-03
1.298462506383657455e-03
1.121495501138269901e-03
2.015845850110054016e-03
1.052823383361101151e-03
1.513363909907639027e-03
1.701409346424043179e-03
1.249878201633691788e-03
1.613312517292797565e-03
1.188405673019587994e-03
1.014108536764979362e-03
1.913433079607784748e-03
5.671340622939169407e-04
8.160131401382386684e-04
1.870120177045464516e-03
2.842802787199616432e-03
3.622677875682711601e-03
6.285603158175945282e-03
2.329725585877895355e-02
6.355087738484144211e-03
3.693848615512251854e-03
8.272972190752625465e-04
6.866168696433305740e-04
6.669347640126943588e-04
1.061324961483478546e-03
8.913587080314755440e-04
9.827525354921817780e-04
1.367263146676123142e-03
2.266202820464968681e-03
1.121609937399625778e-03
7.982020033523440361e-04
8.465866558253765106e-04
8.942999411374330521e-04
9.646374965086579323e-04
2.151671564206480980e-03
1.538870739750564098e-03
1.238541444763541222e-03
1.311029889620840549e-03
2.370057627558708191e-03
1.754983793944120407e-03
1.631869468837976456e-03
1.023341668769717216e-03
7.970861624926328659e-04
1.271496759727597237e-03
2.326463814824819565e-03
1.390744699165225029e-03
1.851236098445951939e-03
3.117382293567061424e-03
1.813758909702301025e-02
1.371066179126501083e-02
8.982566185295581818e-03
6.641578860580921173e-03
3.322941018268465996e-03
3.863210789859294891e-03
5.726459436118602753e-03
7.071586791425943375e-03
6.304678972810506821e-03
5.423648748546838760e-03
4.531286191195249557e-03
6.868073833175003529e-04
3.792278002947568893e-04
1.809624518500640988e-04
2.947415050584822893e-04
3.794024232774972916e-04
1.110426732338964939e-03
8.666388457641005516e-04
7.780518499203026295e-04
4.186930600553750992e-04
4.884499940089881420e-04
4.713292873930186033e-04
9.084113407880067825e-04
1.539310556836426258e-03
5.760925705544650555e-04
7.189441239461302757e-04
5.172968958504498005e-04
8.134488598443567753e-04
1.273083966225385666e-03
1.007473329082131386e-03
1.268958556465804577e-03
9.269841830246150494e-04
2.118533942848443985e-03
2.547841984778642654e-03
8.225684985518455505e-03
6.294159218668937683e-03
6.449675187468528748e-03
1.115652732551097870e-03
1.024617347866296768e-03
1.442710054107010365e-03
8.441427489742636681e-04
6.841415888629853725e-04
1.780662802048027515e-03
6.847733748145401478e-04
1.194120850414037704e-03
7.308059721253812313e-04
1.750430907122790813e-03
1.940032350830733776e-03
1.163783948868513107e-03
1.026441575959324837e-03
1.429069670848548412e-03
1.133406884036958218e-03
7.417779997922480106e-04
1.822862890549004078e-03
1.051350962370634079e-03
1.618074951693415642e-03
1.178810023702681065e-03
6.727307918481528759e-04
1.536049880087375641e-03
2.312783384695649147e-03
2.680571749806404114e-03
1.350401202216744423e-03
1.415943377651274204e-03
1.496304525062441826e-03
1.264721504412591457e-03
1.344311865977942944e-03
1.709973323158919811e-03
1.163893262855708599e-03
2.783230273053050041e-03
1.009386847727000713e-03
1.452470896765589714e-03
8.905404829420149326e-04
1.089267083443701267e-03
1.831486937589943409e-03
2.096323762089014053e-03
2.437477698549628258e-03
1.772496267221868038e-03
3.399169538170099258e-03
4.855775274336338043e-03
1.716999220661818981e-03
2.111501293256878853e-03
2.967125270515680313e-03
1.551265362650156021e-03
1.072721788659691811e-03
1.922524068504571915e-03
9.921278106048703194e-04
1.209219568409025669e-03
1.727346214465796947e-03
1.793738570995628834e-03
1.378208515234291553e-03
1.230458496138453484e-03
1.263414509594440460e-03
1.075651613064110279e-03
2.034416887909173965e-03
2.131554530933499336e-03
1.755498698912560940e-03
4.236890003085136414e-03
6.881426554173231125e-03
3.179704770445823669e-03
1.311533153057098389e-03
1.067577628418803215e-03
1.224012114107608795e-03
9.953930275514721870e-04
7.383163319900631905e-04
7.377838483080267906e-04
1.278515555895864964e-03
1.295330701395869255e-03
8.965433225966989994e-04
9.212989243678748608e-04
7.336108246818184853e-04
2.012487966567277908e-03
1.814595656469464302e-03
7.621718104928731918e-04
1.075031352229416370e-03
9.381968993693590164e-04
2.610010560601949692e-03
1.774170435965061188e-03
1.262233708985149860e-03
1.340864459052681923e-03
2.982776146382093430e-03
1.104654395021498203e-03
9.955206187441945076e-04
9.966909419745206833e-04
1.083288225345313549e-03
2.083747880533337593e-03
2.827644348144531250e-03
1.762300264090299606e-03
9.487412171438336372e-04
7.782426546327769756e-04
2.457455731928348541e-03
2.605795627459883690e-03
2.574653597548604012e-03
1.512051094323396683e-03
1.786741893738508224e-03
1.663281815126538277e-03
2.265444956719875336e-03
1.701497007161378860e-03
1.261259196326136589e-03
1.189531409181654453e-03
9.411626379005610943e-04
1.647691591642796993e-03
1.279883785173296928e-03
7.561972015537321568e-04
1.434138510376214981e-03
1.297451439313590527e-03
1.176457270048558712e-03
2.449503168463706970e-03
1.397225423716008663e-03
1.958818873390555382e-03
1.670907018706202507e-03
2.608556998893618584e-03
1.822815276682376862e-03
1.107501331716775894e-03
1.409301650710403919e-03
1.629352220334112644e-03
1.872949302196502686e-03
2.755713649094104767e-03
2.620452083647251129e-03
9.577841265127062798e-04
1.127218478359282017e-03
9.798672981560230255e-04
1.229380839504301548e-03
1.993912504985928535e-03
1.065874821506440639e-03
1.176769263111054897e-03
1.007608138024806976e-03
2.416196977719664574e-03
2.519435249269008636e-03
1.958306180313229561e-03
2.746478281915187836e-02
1.127023808658123016e-02
9.621182456612586975e-03
4.615472164005041122e-03
5.844052648171782494e-04
8.855318883433938026e-04
1.120130065828561783e-03
7.433010032400488853e-04
3.215660981368273497e-04
3.004529280588030815e-04
8.545697201043367386e-04
2.677927259355783463e-03
5.270719993859529495e-03
4.712338559329509735e-03
1.607800135388970375e-03
1.587889390066266060e-03
9.300093515776097775e-04
2.271048026159405708e-03
2.036207355558872223e-03
1.928760670125484467e-03
5.574222886934876442e-04
5.527058383449912071e-04
7.790244417265057564e-04
1.389371114782989025e-03
1.264439662918448448e-03
1.255536568351089954e-03
1.599995652213692665e-03
9.374116547405719757e-03
8.437808603048324585e-03
9.950915351510047913e-03
8.181336335837841034e-03
3.042716067284345627e-03
9.583642822690308094e-04
2.411734312772750854e-04
2.376932097831740975e-04
3.299101081211119890e-04
7.670539780519902706e-04
6.403318839147686958e-04
5.268841632641851902e-04
3.860205761156976223e-04
8.656394202262163162e-04
1.460782135836780071e-03
1.423165551386773586e-03
1.560437260195612907e-03
1.075995969586074352e-03
1.228000503033399582e-03
1.312799169681966305e-03
9.556899312883615494e-04
1.184938126243650913e-03
7.134056650102138519e-04
7.858555763959884644e-04
1.358420704491436481e-03
9.111609542742371559e-04
3.751615295186638832e-03
6.667083594948053360e-03
1.872458308935165405e-02
9.877112694084644318e-03
8.179436437785625458e-03
7.527559995651245117e-03
6.643573753535747528e-03
5.832181777805089951e-03
6.092799827456474304e-03
5.526409018784761429e-03
5.673212464898824692e-03
4.069423768669366837e-03
3.283056896179914474e-03
1.434223260730504990e-03
2.324049419257789850e-04
2.164996549254283309e-04
1.649942278163507581e-04
3.639670030679553747e-04
4.824180214200168848e-04
2.667363733053207397e-04
3.533302515279501677e-04
7.420653710141777992e-04
3.035500994883477688e-04
1.085400464944541454e-03
1.560902106575667858e-03
9.530883398838341236e-04
8.618679712526500225e-04
4.845786606892943382e-04
5.671447725035250187e-04
6.714810151606798172e-04
9.943988407030701637e-04
1.164621440693736076e-03
8.180139702744781971e-04
3.388029290363192558e-03
2.338394289836287498e-03
1.664728275500237942e-03
2.202010247856378555e-03
1.687949406914412975e-03
1.096060383133590221e-03
6.901895976625382900e-04
7.540624355897307396e-04
8.446620777249336243e-03
1.924182102084159851e-02
9.684014134109020233e-03
7.423070259392261505e-03
6.001906469464302063e-03
4.033329896628856659e-03
4.527271725237369537e-03
6.479065399616956711e-03
5.889950320124626160e-03
5.456368904560804367e-03
5.827569402754306793e-03
5.577791947871446609e-03
5.349117331206798553e-03
3.977632150053977966e-03
5.581251461990177631e-04
4.227280733175575733e-04
2.427187864668667316e-04
2.395574119873344898e-04
4.688392218668013811e-04
3.918257716577500105e-04
3.937646106351166964e-04
2.381074591539800167e-04
5.370846483856439590e-04
4.476723552215844393e-04
1.656072563491761684e-03
1.104969880543649197e-03
1.326788566075265408e-03
3.106178017333149910e-03
2.692584879696369171e-03
7.174784550443291664e-04
8.402200764976441860e-04
1.270608161576092243e-03
7.245058077387511730e-04
8.611836819909512997e-04
6.340982392430305481e-03
5.507317837327718735e-03
3.103028517216444016e-03
4.849319229833781719e-04
5.097456160001456738e-04
1.165544730611145496e-03
7.283724262379109859e-04
7.822431507520377636e-04
2.437283517792820930e-03
1.814400590956211090e-02
1.186758745461702347e-02
8.433666080236434937e-03
7.784147281199693680e-03
7.332530803978443146e-03
6.711436901241540909e-03
6.359932012856006622e-03
6.350523326545953751e-03
5.907365586608648300e-03
5.699594039469957352e-03
3.850412089377641678e-03
2.971665235236287117e-04
2.847858704626560211e-04
3.518128069117665291e-04
4.729818901978433132e-04
3.433841047808527946e-04
6.163401994854211807e-04
6.144617218524217606e-04
5.091966013424098492e-04
6.019462016411125660e-04
1.454002573154866695e-03
1.404374372214078903e-02
8.144339546561241150e-03
7.060952950268983841e-03
4.579726140946149826e-03
8.961345884017646313e-04
9.551175171509385109e-04
9.509930969215929508e-04
6.986212101764976978e-04
4.959856159985065460e-04
4.240811103954911232e-04
7.859814795665442944e-04
4.106379928998649120e-04
3.284750564489513636e-04
7.290815701708197594e-04
5.524272564798593521e-04
7.816209690645337105e-04
5.664826021529734135e-04
2.141830744221806526e-03
8.596432395279407501e-03
4.067705012857913971e-03
1.439777784980833530e-03
1.168353366665542126e-03
1.133628655225038528e-03
1.269652973860502243e-03
1.990749035030603409e-03
1.046217628754675388e-03
1.037754584103822708e-03
9.191618300974369049e-04
1.546702813357114792e-03
1.148758106864988804e-03
8.478443487547338009e-04
1.071265083737671375e-03
2.819904126226902008e-03
2.509284205734729767e-02
8.594417013227939606e-03
5.728808231651782990e-03
1.388213364407420158e-03
1.128392526879906654e-03
3.909709630534052849e-04
1.120529603213071823e-03
1.077257562428712845e-03
5.544839426875114441e-03
2.023204928264021873e-03
7.559633813798427582e-04
9.069601655937731266e-04
4.723854654002934694e-04
8.516284869983792305e-04
1.944741467013955116e-03
1.809072797186672688e-03
1.615136279724538326e-03
7.497846963815391064e-04
1.120053493650630116e-04
8.334565063705667853e-05
8.924927533371374011e-05
8.571165380999445915e-05
9.966944344341754913e-05
1.328578073298558593e-04
9.516723366687074304e-05
1.017181566567160189e-04
1.069698191713541746e-04
1.277485425816848874e-04
1.975743070943281054e-04
1.900398492580279708e-04
1.653957297094166279e-04
1.352559338556602597e-04
9.486695489613339305e-05
1.249175402335822582e-04
1.806060899980366230e-04
1.879790361272171140e-04
1.402268098900094628e-04
2.486237208358943462e-04
1.942820090334862471e-04
3.937050933018326759e-04
3.445520997047424316e-04
3.568591491784900427e-04
2.521538990549743176e-04
1.841245830291882157e-04
