9.207009293138981310e-01
3.120433798432349914e-01
2.737201068922877067e-01
2.526378717832267196e-01
2.545439786836504736e-01
2.296528120338916790e-01
2.103462433442473412e-01
2.232058749347925197e-01
1.977863430231809605e-01
2.150671093910932474e-01
1.940015549957752328e-01
1.868527552857995044e-01
1.776958617568016041e-01
1.683132348209619433e-01
1.662824663706123918e-01
1.656499429792165634e-01
1.723734050057828537e-01
1.631223676353693031e-01
1.640891508385539099e-01
1.666042892262339647e-01
1.563519648090004877e-01
1.536862148344516621e-01
1.552341825515031748e-01
1.411548223905265409e-01
1.478138675354421228e-01
1.486749049276113455e-01
1.421352273970842295e-01
1.475317036733031217e-01
1.209820044692605789e-01
1.375322268158197525e-01
1.344802059233188574e-01
1.398863898217678203e-01
1.302781332656741120e-01
1.417937518656253726e-01
1.335665976256132093e-01
1.062609012145549064e-01
1.293437228351831392e-01
1.777905110269784872e-01
1.400968706607818581e-01
1.346061944589018733e-01
1.149658736586570695e-01
1.200877638906240469e-01
1.239189397543668802e-01
1.168259026482701274e-01
1.191994172707200039e-01
1.195001223310828142e-01
1.211409764736890854e-01
1.178440380841493662e-01
1.172507724165916393e-01
1.253742143139243148e-01
1.270403567701578196e-01
1.204755164682865115e-01
1.046472193486988611e-01
1.206516520678996979e-01
1.031676653772592572e-01
1.238302159309387224e-01
1.223213349282741558e-01
1.077191194519400569e-01
1.068470855429768523e-01
1.097042369097471215e-01
1.123165006190538356e-01
1.125896114110946644e-01
1.063669346272945460e-01
1.013604839146137193e-01
1.011634428240358874e-01
1.146103840600699170e-01
1.011799778789281845e-01
9.965968716889619938e-02
1.068044418841600368e-01
1.032270157337188687e-01
9.295507067814469393e-02
9.008754167705773641e-02
1.020368694886565203e-01
1.069523734599351905e-01
9.701007325202226639e-02
1.060630011931061739e-01
8.980893868952989634e-02
9.480742730200290846e-02
9.200568212196230666e-02
9.375530689954757191e-02
9.365142524242400790e-02
8.202419389039278252e-02
1.021278474107384648e-01
1.031315236911177630e-01
8.812684979289769904e-02
9.699247360229491799e-02
9.973431184887886214e-02
8.810962155461311840e-02
9.483231533318757511e-02
9.430617483332753848e-02
9.877978149801493191e-02
8.681865386664867901e-02
7.829969028942286580e-02
1.060543031617999093e-01
6.296895308420062676e-02
8.726135615259408840e-02
8.924632839858531730e-02
9.312951590865850560e-02
9.348988331854343747e-02
8.799060067161917909e-02
8.557176437228918020e-02
6.968754298985004036e-02
8.233793997205793302e-02
7.784889871254563332e-02
8.851966548711061311e-02
8.958140432834625633e-02
8.819420896470546445e-02
8.339804455637932212e-02
7.837930936366319101e-02
5.127586629241705218e-02
8.395807806402444395e-02
7.665856590494513068e-02
6.155890678986906950e-02
8.616490483283996415e-02
8.939192242920399045e-02
5.396255774423480006e-02
7.314886040985583981e-02
8.566826231777667500e-02
5.668183623813092403e-02
9.121710769832133692e-02
8.277603946626185816e-02
8.250870347023010754e-02
6.468014242127537172e-02
4.566295367665589022e-02
8.070693757385015432e-02
7.729407723993063362e-02
7.591479085385799408e-02
7.550020635128021351e-02
6.704241529107093922e-02
7.415195262059569303e-02
7.350438466295600159e-02
8.482984840869903231e-02
7.223993495106696694e-02
7.824003830552100913e-02
7.550826381891966033e-02
1.067694753780960987e-01
6.158249178901314957e-02
5.642933691851794581e-02
7.553892303258180618e-02
7.345254337415099699e-02
6.480449661612511236e-02
7.036007588729262241e-02
5.930683802813291328e-02
7.722545400261879300e-02
7.346661891788244803e-02
6.928845480084419584e-02
6.630135390907526682e-02
6.540641311556100179e-02
6.636287791654467416e-02
6.495560333132743835e-02
6.568648437038064614e-02
6.193802788853645241e-02
5.872738150879740909e-02
4.766203606501221574e-02
5.412157983519137044e-02
5.196703273802995987e-02
5.397864502854645558e-02
5.425906024873256711e-02
5.811249554157257163e-02
5.088677884079515629e-02
6.849758218973875379e-02
6.372199006378650998e-02
6.649517647922038865e-02
7.073579091578721667e-02
5.937730237841606223e-02
6.705107063055038008e-02
6.389317577704786699e-02
5.050070630386471748e-02
5.919825680553913311e-02
5.185414945706725426e-02
6.554112363606691416e-02
6.143172547221183860e-02
6.475227644667029547e-02
5.581142479553818925e-02
6.127975206822156712e-02
5.940347980707883641e-02
5.131804065778851343e-02
5.509078986942768374e-02
5.226496390998363467e-02
6.246518693864345356e-02
6.127993096597492834e-02
3.035521154291927898e-02
5.530892323702573526e-02
4.111479789018630815e-02
4.738108705729246473e-02
6.487957078963518809e-02
5.752492807805538455e-02
4.210379517171532193e-02
3.298557202331722088e-02
4.842270169407129204e-02
5.815085459500551196e-02
5.696548417210579168e-02
6.094027116894722151e-02
5.816882714629173501e-02
5.918576307594776431e-02
5.637408070266246990e-02
5.066633023321628904e-02
5.241739530116319712e-02
5.084125548601150374e-02
2.930253995582461288e-02
5.010595366358756853e-02
5.624768380075693269e-02
5.297603442333638502e-02
3.590450142044573911e-02
4.589641215745359631e-02
4.217819642275572045e-02
5.472095707431435391e-02
5.741599662229418533e-02
5.363886702805757689e-02
5.077007554471493073e-02
4.028798706829547771e-02
4.745297996327280804e-02
4.645935577340423728e-02
2.989795987494289764e-02
3.864224854856729285e-02
4.598241613246500242e-02
4.427594583481550550e-02
5.572763474658131572e-02
4.932722443714737670e-02
2.876407834701239993e-02
4.019665959291160440e-02
5.750342965126037376e-02
5.374737773090600829e-02
5.418901965022086820e-02
5.306962464004755242e-02
3.686466034501791056e-02
4.334206502884626472e-02
5.175901602953672520e-02
5.334268856793641933e-02
5.055698957294225970e-02
4.681515002623200250e-02
3.632875930517912022e-02
4.599540814757346885e-02
4.850868893787264879e-02
5.952285714447498599e-02
4.678677160292863541e-02
4.670173406600951899e-02
3.549730996601283689e-02
5.127687558531761336e-02
5.040950313210487699e-02
4.691706193611025477e-02
4.471293579787016109e-02
2.681544422172009792e-02
3.571338668465614402e-02
4.365241101011634040e-02
4.968034565448761070e-02
4.226331736892461471e-02
4.907030493021011242e-02
4.826421327888965468e-02
4.457072386518121099e-02
4.468491567298769895e-02
4.708354284986853572e-02
5.435202348977327680e-02
4.769840966910123686e-02
3.166144208051264314e-02
3.484921391122042938e-02
4.611525058746338002e-02
3.905843041837215451e-02
4.684566197916865266e-02
5.284307908266782511e-02
4.715560209006071368e-02
4.630837442353367972e-02
2.209385578986257370e-02
2.381464955396950245e-02
3.956713752821088004e-02
4.627640143036842318e-02
5.174639817327261054e-02
3.555712841451168227e-02
2.099600440822541741e-02
2.085085912607610378e-02
5.332879588007927163e-02
5.046254064887761848e-02
5.089817035943269841e-02
4.690957807004451918e-02
4.082511732354759948e-02
5.019134014844894159e-02
4.645722452551126480e-02
4.434193212538957429e-02
4.290044154971837942e-02
3.519505898468196226e-02
2.162364939693361618e-02
4.642469819635152567e-02
4.680189136415720264e-02
3.838347446173429739e-02
4.981949407607316749e-02
4.439555279910564756e-02
4.179972413927316582e-02
3.430394477210938625e-02
3.867020601406693375e-02
3.952346170321106855e-02
3.913101831451058082e-02
1.665614102501422264e-02
4.537508415058254946e-02
4.932228669524192644e-02
4.569521941244602398e-02
5.091670667752623558e-02
4.135376237332821087e-02
3.861215645447373113e-02
2.784727610647678292e-02
4.557813923805952017e-02
3.950675369240343876e-02
4.568816279992461010e-02
3.870964312925934819e-02
1.906825941521674353e-02
4.769891602918505807e-02
5.176384037360549223e-02
4.876924019306898284e-02
4.516293533146381600e-02
4.062358257360756258e-02
4.638548271730542211e-02
4.382332444190979032e-02
3.921135200187563646e-02
4.170216793194413130e-02
4.133082892745733317e-02
4.481623675674199780e-02
4.374242043122648915e-02
4.534596653655171422e-02
4.476386932656169215e-02
3.786390775814652693e-02
3.218709340319037687e-02
1.917198267765343050e-02
4.216814360581338378e-02
4.815824136137962508e-02
4.186202928423881503e-02
3.931067481637001010e-02
1.960005774162709713e-02
2.701337329577654586e-02
3.227399537339806224e-02
3.681611072272062551e-02
1.589894266333431033e-02
4.110558072105049976e-02
4.724955406039953176e-02
2.272093384526669910e-02
4.582652818411588752e-02
3.832561597228049954e-02
3.297252101823687498e-02
4.741535805165767586e-02
4.780989684164524411e-02
4.424850307404994826e-02
4.761340353637933537e-02
4.103646792471409011e-02
4.062050718814134292e-02
3.419105149805545807e-02
3.487574853003025388e-02
4.127102650701999775e-02
3.834282070398330883e-02
3.930235631763934895e-02
3.819552257657050920e-02
4.377147609367966485e-02
2.984551556408405332e-02
1.960919309407472763e-02
3.971351655200124064e-02
3.226484958082437293e-02
2.397139751352369771e-02
3.852333009243011364e-02
3.806298775598406653e-02
4.615986762568354690e-02
3.329190138727426695e-02
4.022014822810888318e-02
2.399049621075391783e-02
1.884642120450735064e-02
1.747989542316645550e-02
2.127773647196590928e-02
4.311086561530828171e-02
4.609325423836708319e-02
3.624999240040779197e-02
3.695674133487045904e-02
3.646751336753368405e-02
2.467272311449050792e-02
3.697199586778879277e-02
5.156316827982664053e-02
4.271636836230754963e-02
3.833525683730840822e-02
3.905055120587348771e-02
4.279840786010027237e-02
3.935317493975162839e-02
3.888544077984988634e-02
3.858306169509887612e-02
4.100825963541865349e-02
3.678904942236840836e-02
2.012860503513366067e-02
3.040319030173123035e-02
3.907717565074562971e-02
4.089405378326773505e-02
3.876817274838686295e-02
4.287003833800553942e-02
4.422656878829002436e-02
3.620120150968432482e-02
3.772751005366444671e-02
3.956192258745432067e-02
3.843142377212643845e-02
3.899984661489724891e-02
2.158436481840908527e-02
1.695946274790912853e-02
1.488313927780836841e-02
4.164510121569037215e-02
4.272726390510797612e-02
3.357330300845205728e-02
3.599662139080464507e-02
2.785671896301209968e-02
4.072570500895381085e-02
3.995023978874087667e-02
3.998985525220632303e-02
2.057650362607091679e-02
1.797343741171061882e-02
2.246351580135524245e-02
2.091093647759407689e-02
4.464525103569030873e-02
4.605861295014619661e-02
4.739179980009794457e-02
3.758996210992335968e-02
2.773225550539791529e-02
2.560507251881062943e-02
4.025377795100212180e-02
4.075683338567614306e-02
3.682192850857973071e-02
2.149456820450723268e-02
1.975104421377181854e-02
3.849261531606316261e-02
3.931364548392593528e-02
3.221849491819739342e-02
3.625461798161268290e-02
1.576145876664668266e-02
1.316039498895406681e-02
2.539265125058591532e-02
1.790168247185647613e-02
1.919495571404695664e-02
4.588689276948570983e-02
3.866277359426021493e-02
3.491730788722634260e-02
4.390169631689786606e-02
4.261408369988203132e-02
3.757238082587718853e-02
3.733795367181300812e-02
3.482827663421630970e-02
4.029746431857347821e-02
3.619800547137856650e-02
4.038229513913393215e-02
4.050957564264535959e-02
3.926174010150134536e-02
3.318202568218112103e-02
3.239846047479659485e-02
1.919466610997915337e-02
1.472834714688360698e-02
1.876688822172582066e-02
1.546314336825162228e-02
1.345858375076204594e-02
2.593426845036447131e-02
4.574152953922748510e-02
4.267559099942445922e-02
4.874886037781834408e-02
2.227038203738629721e-02
3.238515305332839711e-02
3.963274233974516114e-02
3.662771202623844174e-02
1.919063933193683458e-02
1.475722805596888128e-02
3.055082572158426130e-02
2.721020410303026313e-02
4.238446062430739625e-02
3.931639678776264329e-02
3.835791481658816504e-02
2.986874632537364974e-02
3.365719445049762670e-02
3.445456635206937956e-02
3.745108429342508538e-02
3.762881945818662838e-02
3.942494200542569216e-02
1.743633315432816661e-02
1.504463342018425541e-02
3.983859108760953033e-02
3.894194414839148577e-02
3.884001608937978633e-02
3.719987016171216743e-02
3.708481628447771183e-02
3.837352765724062753e-02
3.778110573068261396e-02
3.264760382473468753e-02
2.872358750551938858e-02
2.603758932091295580e-02
2.769669702276587528e-02
2.903980899602174801e-02
3.001369674690067615e-02
2.391451461240649140e-02
2.869979823008179595e-02
4.407950144261121861e-02
3.024476661346852877e-02
1.559592804871499580e-02
1.902656662277877470e-02
3.346902618184685596e-02
4.171708475798368426e-02
3.845285119488835168e-02
3.449367877095937951e-02
1.788156420458108034e-02
1.501499070785939673e-02
1.632612885907292269e-02
3.735660675913095308e-02
3.553803367540240427e-02
3.677304338663816424e-02
3.833839884027838429e-02
3.632727518677711376e-02
3.978723820298910030e-02
3.475673738867044588e-02
2.781306475400924585e-02
1.922948950435966406e-02
2.404898591339588165e-02
3.212066764011978909e-02
3.672494931146502717e-02
2.506672592833638150e-02
4.810969963669776972e-02
3.251247964799404422e-02
2.315033650957048009e-02
3.168769240379333552e-02
2.787515729665756073e-02
2.752650633454322912e-02
2.987655777484178599e-02
3.478388231247663692e-02
3.312093589454889048e-02
3.635719958692788800e-02
3.226020359434187551e-02
2.313770494423806820e-02
1.625967603176832130e-02
1.547779635526239789e-02
2.192515990696847564e-02
2.178217847831547330e-02
3.749539123848080746e-02
4.091985303908586558e-02
2.354996582493186150e-02
1.732587937265634564e-02
2.110436428338289400e-02
3.157025062479078964e-02
3.406230367720126939e-02
3.086702266708016285e-02
3.642927132546901897e-02
2.585492497310042451e-02
4.089931054040789327e-02
3.530132729560137017e-02
3.236086007207632231e-02
3.088652893900871443e-02
3.222756419330835564e-02
2.912048367783427391e-02
3.235313713550567322e-02
1.412047315854579252e-02
1.182609886629506883e-02
1.551603246480226517e-02
3.891739306971430529e-02
3.158175321295857152e-02
3.128493631258606744e-02
3.338054004125297347e-02
2.599591914564371165e-02
1.998178886249661612e-02
1.875304920598864708e-02
1.480665568727999870e-02
3.199863877147435948e-02
2.930660680867731502e-02
3.518072583712637119e-02
3.634954195469617538e-02
3.391623239964246944e-02
3.217659693211317312e-02
3.080614328384399456e-02
2.594374557025730735e-02
3.459338935092091255e-02
2.149541742634028182e-02
3.008557561784982667e-02
1.170512423384934692e-02
1.955084763001650738e-02
3.418090471997856788e-02
3.764874465763568684e-02
2.872351665981114077e-02
1.721544933505356201e-02
3.575205466710031088e-02
3.342528520151973048e-02
3.741830082610249353e-02
3.702594054862856643e-02
2.278552007861435469e-02
1.438104742206633077e-02
1.772592931985855075e-02
1.478071164339780745e-02
3.595369515940546878e-02
3.987144257873296432e-02
3.681521907448768310e-02
2.845836557447910253e-02
3.349973272532224405e-02
2.604475751519203311e-02
3.012828901410102844e-02
3.523546626791358022e-02
3.364244379103183830e-02
3.367203945294022782e-02
1.451849413104355259e-02
1.596532532945275223e-02
3.732439801096916476e-02
3.307568388059735354e-02
3.406186655163764843e-02
3.411819649860262788e-02
2.201487349811941455e-02
3.426282990723848038e-02
3.310392303392291347e-02
2.855679370462894592e-02
2.358214791864156681e-02
2.137822367250919245e-02
1.464528736658394364e-02
3.279516022652387286e-02
3.870541078969836485e-02
3.185272768139839339e-02
3.029792429879307747e-02
2.898904630914330566e-02
1.450269122142344713e-02
1.774258447811007458e-02
4.020488888025283702e-02
3.485195830464363209e-02
3.309436505660414557e-02
2.624436685815453515e-02
1.166251932037994272e-02
2.798027785494923425e-02
1.138836167287081425e-02
1.240023718215525067e-02
1.293075703084468897e-02
2.401643663644790691e-02
5.557767074555158837e-02
4.556271193549037146e-02
5.359030555933713691e-02
2.350424444302916596e-02
2.925834149122238242e-02
1.643163656350225127e-02
2.797592627815902178e-02
3.790727568790316915e-02
3.693231184035539877e-02
3.393869496881962017e-02
2.987615136429667625e-02
3.564187232404947281e-02
3.641451619565486825e-02
3.043127872049808391e-02
2.985493918880820219e-02
3.104203984141349834e-02
2.787826647982001235e-02
2.388516844250261617e-02
2.033163466490804996e-02
3.459919143468141722e-02
3.655170034617185454e-02
3.069581318646669513e-02
2.912184439599514035e-02
2.620481457561254363e-02
1.832816450856625951e-02
1.215316353365778965e-02
2.014891670551150968e-02
3.120499456301331631e-02
5.295341638848185400e-02
2.442019795998930792e-02
2.661771567538380456e-02
2.456603535450994913e-02
2.378962894901633096e-02
2.772471647709608134e-02
3.754361629486083901e-02
3.192745065316558023e-02
2.471175801008939840e-02
2.528569689486175748e-02
2.361580134369432871e-02
2.146494568325579139e-02
2.352222505956888185e-02
1.025373989250510931e-02
1.983239150606095832e-02
3.855656519532203730e-02
3.769959157332777866e-02
3.015687026083469294e-02
1.882123416289687226e-02
9.836003319360315383e-03
1.413901467807590975e-02
1.533359081018716152e-02
3.228098718449473603e-02
3.633623395115136850e-02
3.429469034075736944e-02
3.695644162595271981e-02
3.015137370675802231e-02
2.746283790096640601e-02
2.660824164748192000e-02
2.722914697602391368e-02
3.014103038236498958e-02
3.364242624491452921e-02
2.641859399154782365e-02
3.194829903542995703e-02
2.611077537760138345e-02
2.480701355263590854e-02
2.409843311645090691e-02
3.027059732005000017e-02
2.522617125883698519e-02
2.780532583594322316e-02
1.564854526892304337e-02
2.809918030165135805e-02
3.736673254519701226e-02
3.890104141086339617e-02
2.479685576632618960e-02
2.296044660732150106e-02
3.578311352059244943e-02
2.960520748049020809e-02
2.674695676192641314e-02
1.988742018118500737e-02
2.225802108179777972e-02
1.474041711539030020e-02
2.241797017399221534e-02
2.757409400772303440e-02
1.999000832438468933e-02
1.289721987675875384e-02
2.391764372587203841e-02
3.118457442149519948e-02
3.368477782234549633e-02
3.407631944864988188e-02
2.643287952989339940e-02
2.591088179498910946e-02
2.640548709779977701e-02
2.397930851206183517e-02
1.618155042640864738e-02
2.430172363761812573e-02
2.964604237116873209e-02
9.796102158725261341e-03
1.020177163649350384e-02
8.626014003530144483e-03
2.940551739186048411e-02
4.584708813577890313e-02
3.669745922088622769e-02
3.212710868567228428e-02
3.109543202444910864e-02
2.944434270262718048e-02
3.168936545029282792e-02
2.644283695146441501e-02
2.147185855079442388e-02
1.433500410057604244e-02
1.382303138263523551e-02
1.745906176045537023e-02
3.222754446789622557e-02
3.487202603369951581e-02
2.784218534827232264e-02
2.376317092217504826e-02
1.364194742869585808e-02
2.971280398778617521e-02
2.920465117320418524e-02
2.918055145069956696e-02
2.122030725702643561e-02
1.601657830178737640e-02
3.224193433299660932e-02
2.502033694647252601e-02
2.806803237646818272e-02
2.369974335189908854e-02
2.467496930621564458e-02
2.345904834568500463e-02
3.098357114940881660e-02
3.154940653592348127e-02
2.976921500638127216e-02
2.533097255975007983e-02
2.595760732889175471e-02
2.383231604471802711e-02
2.664992066100239920e-02
4.944779682904482110e-02
2.929392141290008966e-02
2.184748972766101249e-02
1.596435177139938003e-02
2.262199353426695009e-02
2.499744381755590605e-02
2.162916298955679106e-02
2.152553899213671684e-02
2.236104236915707755e-02
2.246568260714411694e-02
2.379208829253912083e-02
2.136533649638295077e-02
2.822444573044776903e-02
1.774766368325799565e-02
1.094680524896830300e-02
9.947427981533110003e-03
1.141474914271384429e-02
2.747026979923248430e-02
1.879756673239171491e-02
2.618141441140323794e-02
4.441145360469818393e-02
3.592877991497516604e-02
2.812197927385568647e-02
2.722926767542958176e-02
2.642925750464200987e-02
2.667907622642815002e-02
2.405628237873315770e-02
1.158862958895042622e-02
1.166246476583182763e-02
1.295090224128216463e-02
3.797635741531849018e-02
3.605334509164095230e-02
3.276516688987612946e-02
2.727757260203361386e-02
2.665133683010935742e-02
2.589924197643995313e-02
2.595247768796980423e-02
2.624188583344221060e-02
2.291743954643607126e-02
2.890228826552629360e-02
1.037559795659035410e-02
8.361423586029559721e-03
9.737007352523505826e-03
3.246789097785949402e-02
3.034280964173376519e-02
3.577339734882116484e-02
3.596212852746247940e-02
3.250316821038722742e-02
3.550980916246771618e-02
3.190767180174589046e-02
2.783568412065505829e-02
1.999530566856265110e-02
2.603813478723168359e-02
2.682987434789538272e-02
2.694525815546512659e-02
2.464131470769643714e-02
1.987741514109074917e-02
2.828369967639446370e-02
2.400154088623821652e-02
1.271865294314920847e-02
1.275206735357642222e-02
1.165689746849238838e-02
1.657225309638306332e-02
3.084361966699361926e-02
2.987162003293633572e-02
1.668595782481133855e-02
8.526702949311584789e-03
1.144065613858401796e-02
1.421763401944190278e-02
3.631394328549504558e-02
3.629934871569275717e-02
1.090432452736422343e-02
1.789913292974233683e-02
3.314672319218516655e-02
3.265610113739967485e-02
3.102573461830615900e-02
2.605765664950013272e-02
2.479542237706482480e-02
2.721880732104182271e-02
2.070638406090438352e-02
1.444766893982887303e-02
1.048650097101926776e-02
9.875696427188813617e-03
3.263887256383896096e-02
2.897895908914506491e-02
2.392257590778171933e-02
2.234054803848266671e-02
2.217390023171901536e-02
2.544819265604019234e-02
1.523723503109067692e-02
1.056622541509568726e-02
1.774739883840083937e-02
5.055507127195596473e-02
3.597691062837839182e-02
3.157067820429802080e-02
2.860015949234366583e-02
3.029062258079648004e-02
3.024191968142986298e-02
1.106308087240904549e-02
9.800528055056928825e-03
1.364482575561851325e-02
1.594625828322022987e-02
1.719086146913468768e-02
3.503165300935506821e-02
3.245170712471008578e-02
3.220590330660343115e-02
2.923414228484034691e-02
2.751655997708439896e-02
2.548575621098279897e-02
1.471394853666424703e-02
1.226994811091572032e-02
1.146492059342563152e-02
8.572318758815526685e-03
1.558131550438702183e-02
1.777250051498413183e-02
1.553859724663197994e-02
2.798750196117907874e-02
3.379526607692241724e-02
3.018997063860297259e-02
3.122183181345462855e-02
2.911028818227350684e-02
3.165853174403309572e-02
2.743536725640297047e-02
2.694349965080618942e-02
2.999094557017088075e-02
2.304900536313652867e-02
3.011644911952316914e-02
2.667507315985858524e-02
2.130171848926693326e-02
2.627210979349911199e-02
2.763118196278810390e-02
1.370048535987734850e-02
8.396558319218457370e-03
7.302627703174948727e-03
9.057453873101622283e-03
1.316539435647428105e-02
1.072247924748808215e-02
2.627436551963910349e-02
1.400036970619112330e-02
2.978947125375270774e-02
3.104804461821913594e-02
2.939820379018783653e-02
3.235855378210544808e-02
3.548687059432267810e-02
4.451719146221876089e-02
1.486698090098798226e-02
1.727773226797580872e-02
2.299495840445160699e-02
2.232091463170945631e-02
2.245758536271751094e-02
1.998383332975208621e-02
1.082673615776002379e-02
1.165365229593589950e-02
7.737345134373753951e-03
3.310600236523896650e-02
2.599483899772167192e-02
2.040879411622881917e-02
4.296194560825825071e-02
3.613758621737361149e-02
3.159733304753899880e-02
2.977177318185567773e-02
2.686844781041145339e-02
2.690870980732142786e-02
2.564559295773506317e-02
2.724247757345437879e-02
2.397181130945682387e-02
2.006383777596056420e-02
2.572893321514129611e-02
2.566322816535830664e-02
2.596863595768809235e-02
2.678140623494982761e-02
2.418947041034698320e-02
2.182796368375420487e-02
2.214932523667812250e-02
2.440346891060471424e-02
2.698354559019208038e-02
2.474552347324788723e-02
2.550460847094655065e-02
2.309869447723031030e-02
2.921326203271746788e-02
2.709366017952561517e-02
2.060410922393202809e-02
2.384517412632703934e-02
2.472661919891834190e-02
2.229030398651957526e-02
3.090760544873773913e-02
9.669940276071429738e-03
7.888798303902148923e-03
8.270498104393482833e-03
9.196991138160227897e-03
7.634485478047281330e-03
1.229830179829150515e-02
2.955454908311367160e-02
3.021973423659801358e-02
2.534518362954258849e-02
2.934093128889798952e-02
2.635410759598016614e-02
2.147132642567157676e-02
9.101979960687458029e-03
1.076361317187547739e-02
2.464067155495286085e-02
2.476921803317964216e-02
2.341503237374126939e-02
3.732000829651951901e-02
2.516911480575799789e-02
2.589381515979766873e-02
2.385762888938188636e-02
2.188392404466867405e-02
2.046040745452046283e-02
2.512210426852106923e-02
2.656605586409568898e-02
2.597081579267978765e-02
2.952572928741574454e-02
1.368632231373339940e-02
9.371535880491136880e-03
1.055940012447536061e-02
9.529841523617505958e-03
6.359372625593095844e-03
1.020231634844094570e-02
1.056162585970014250e-02
1.432944735977798728e-02
2.267275117337703635e-02
5.944803277030587252e-02
3.138532049953937642e-02
7.748649891000241284e-03
9.019238632172346323e-03
1.006646581459790489e-02
8.683506269007920664e-03
8.327273912727832170e-03
7.778643672354519298e-03
7.351321773603558887e-03
1.827152765123173442e-02
4.403792619705200473e-02
3.496152315288782175e-02
3.528540883213281826e-02
3.197950769215822386e-02
3.076678860932588466e-02
2.672129986807704125e-02
3.007783513516187543e-02
2.762637233361601996e-02
2.715666467323899283e-02
2.862837856635451483e-02
2.592856477946043139e-02
2.468640830367803407e-02
2.227738328278064742e-02
2.490471986588090741e-02
1.143364903517067425e-02
2.429127834271639641e-02
4.552388578653335238e-02
2.625966943800449316e-02
1.942539104260504121e-02
1.969434287399053629e-02
1.827105071395635633e-02
1.363185109104961094e-02
7.548027243465185200e-03
1.361320205032825505e-02
1.099101196043193382e-02
8.127171355299651553e-03
1.303152692504227182e-02
1.232413807883858681e-02
2.086441517341881824e-02
8.332642829045652788e-03
1.163814958184957588e-02
2.616278191097080874e-02
3.869355512782931411e-02
2.820500746369361891e-02
2.171472129411995342e-02
2.956523838452994671e-02
2.946107573807239463e-02
2.843599520623683874e-02
3.435340967029332920e-02
2.992627061903476576e-02
2.790428478270769175e-02
2.543133782222866887e-02
2.651149656623601886e-02
2.356913536787032942e-02
2.308378655463456941e-02
1.414927999023348100e-02
1.247005236335098702e-02
7.510108640417456627e-03
5.717171411961316681e-03
9.153056507930159430e-03
9.401904395781457077e-03
1.000109733548015280e-02
1.125393001828342739e-02
1.117196183651685687e-02
1.824439603835344148e-02
6.668165145441889985e-02
3.297345519065857100e-02
3.308247407898307069e-02
2.538300275802612277e-02
2.265277077443897738e-02
1.481036812998354386e-02
2.742731973063200837e-02
2.818733870051801094e-02
2.072390681598335407e-02
1.292367195477709188e-02
9.467742769047618467e-03
1.081544957589358064e-02
2.955101806204766049e-02
4.000733941793441911e-02
3.815149528905749376e-02
3.128107655793428699e-02
3.299984039738774327e-02
2.787084432318806537e-02
2.594398986548185349e-02
2.695748472586274175e-02
2.563301168382167705e-02
3.165778974071144919e-02
2.290909151546657169e-02
1.863396557513624305e-02
1.848979919683188186e-02
1.765486391261220089e-02
2.013947037048637728e-02
2.077293282840400948e-02
1.940565709024667795e-02
9.339683619327843883e-03
7.762459523510187656e-03
1.741119715385138975e-02
1.765421324409544371e-02
2.718644852284341981e-02
4.884309791028499520e-02
3.129433412104844908e-02
2.642067814245820101e-02
2.946796590462327087e-02
2.975731108337640804e-02
2.467272838577628039e-02
1.434547788929194274e-02
2.320962876081466772e-02
2.594806216657161851e-02
2.465464947745204041e-02
2.784876523539423984e-02
2.888373477384447927e-02
2.368267368525266495e-02
2.697252474725246596e-02
2.286468558013439109e-02
2.150904094800352995e-02
2.220300788059830638e-02
2.329962110146880164e-02
2.436126634478568906e-02
2.300599390640854780e-02
2.139845850877463915e-02
2.170465867966413567e-02
1.953776035457849627e-02
1.124164344742894193e-02
6.955689825117588113e-03
6.117899012751877239e-03
1.070266003254801042e-02
2.701237321831286009e-02
5.478724908083677098e-02
2.598512500524520832e-02
2.422722516581416255e-02
1.773310310207307228e-02
1.292360285297036206e-02
1.206065904814749949e-02
1.958022017963230443e-02
1.745394201483577504e-02
3.000883499160408863e-02
2.469223634339869078e-02
2.324223462492227416e-02
2.495945243164897007e-02
2.270001249387860326e-02
8.448775499127805441e-03
9.721174933947623192e-03
2.434617142193019543e-02
2.457936389371752697e-02
1.981663844548165951e-02
1.288143021985888557e-02
1.276006667409092243e-02
9.217848733533174146e-03
9.859934030100703933e-03
8.874268732033669185e-03
8.891807631589471531e-03
7.599543875548988615e-03
9.278795709833502145e-03
1.398144644685089637e-02
1.487405892461538329e-02
3.117441195063292911e-02
3.226393214426934858e-02
1.606210210360586518e-02
1.030966285383328775e-02
8.663138588890433728e-03
1.926792402286082659e-02
3.325105205178260914e-02
1.283769086003303493e-02
3.729144703596830313e-02
3.111760921776294750e-02
2.863982386887073406e-02
2.823406036943197292e-02
2.314821772277355152e-02
2.176792026497423663e-02
6.153306148480624377e-03
1.680419872049242203e-02
3.618182707577943802e-02
2.648744672536849920e-02
2.522886715829372392e-02
2.270172569900751058e-02
2.256695643067360008e-02
2.156197533011436351e-02
1.970128632150590364e-02
2.248406216502189803e-02
8.129796525463462570e-03
1.671933238394558360e-02
1.510958136990666473e-02
1.143044119235128199e-02
1.374141769949346718e-02
2.330156282521784333e-02
1.625176595523953466e-02
1.030337175354361506e-02
1.049122298602014718e-02
7.877378077246248445e-03
1.311803315766155685e-02
1.172855731565505301e-02
3.336288745515048754e-02
4.594024807214736744e-02
3.345409614965319522e-02
2.608897019177675372e-02
1.125475342385470930e-02
5.961489013861865152e-03
6.331728688674047485e-03
7.889859273564069769e-03
8.762949658557773330e-03
1.143005358055233962e-02
8.741570704150944740e-03
9.677467127330601285e-03
9.323781009297817460e-03
1.255580219905823476e-02
8.898254162631928296e-03
1.223617753013968475e-02
1.008441540412604795e-02
5.115835136733948990e-02
4.691833220422268053e-02
3.197222353890537966e-02
2.045288259163498962e-02
1.465252976864576256e-02
1.544559959322214064e-02
2.840190036222338746e-02
2.957618573680520155e-02
1.605466137640178259e-02
3.640322985127568411e-02
2.949770420789718517e-02
2.524649240076541970e-02
2.195853915065526865e-02
2.782865935936570251e-02
2.327018744312226925e-02
2.227882755454629535e-02
2.318330513313412652e-02
8.398312912322580120e-03
1.271991796325892127e-02
1.906438978388905539e-02
3.457684651017189220e-02
3.223311707377433943e-02
2.420232072472572327e-02
2.513441754505038248e-02
2.367659701034426772e-02
2.124834675341844697e-02
1.850669300183653901e-02
1.049038721248507500e-02
8.031125366687773964e-03
8.545620026998221666e-03
6.558482865802944123e-03
5.946446019224822452e-03
7.283638138324022640e-03
1.142933843890205081e-02
2.994573095813393704e-02
3.843658143654465897e-02
3.743874616920948167e-02
2.879979379475116827e-02
2.753793738782405950e-02
2.557190770283341436e-02
2.370601093396544623e-02
2.553317579440772533e-02
1.855892000719904997e-02
6.254285506438464134e-03
9.679820844903588503e-03
9.213010738603770802e-03
1.515826680697500775e-02
7.999423709698021134e-03
1.032565329689532491e-02
1.054473669268190909e-02
8.559807534329593598e-03
4.620265105040743600e-03
2.638369190972298522e-03
2.471362594515085116e-03
3.035570090869441767e-03
2.876385892159305600e-03
2.521718228235840867e-03
2.375137429917231410e-03
2.631175008136778931e-03
3.053252820391207881e-03
2.634656988084316167e-03
2.602350423112511843e-03
3.796936708968132786e-03
4.106386536732315774e-03
3.490815862314775551e-03
2.557975377421826089e-03
2.457017975393682632e-03
4.290662948042154104e-03
9.104835223406554032e-03
9.676548771094530335e-03
8.923612786456942142e-03
5.384135344065725526e-03
2.135268137790262769e-03
2.062532670097425632e-03
2.977301161736249733e-03
3.554839242715388328e-03
2.994922393700107793e-03
2.495629515033215371e-03
2.482562048826366784e-03
3.315308822784572996e-03
3.157131858752109006e-03
2.780811233678832581e-03
3.441330278292298317e-03
3.810694960411638126e-03
3.974753718357533321e-03
8.807453119661658864e-03
7.650106959044933146e-03
3.391894102096557669e-03
4.655730556696653470e-03
2.125306304078549216e-03
3.546077723149210128e-03
4.458361513679847017e-03
2.433781746076420140e-03
4.304271030705421851e-03
3.063784551341086453e-03
1.425793090136721723e-02
6.235709025058894933e-03
3.734864939469843999e-03
3.321327972225844756e-03
3.779010066064074531e-03
3.592721698805689638e-03
2.440496303606778505e-03
4.161178752547130266e-03
3.598178370157256896e-03
3.643907817313447439e-03
3.215931160375475918e-03
3.742385371588170372e-03
4.636181495152413498e-03
5.187792540527880365e-03
1.194502433761954370e-02
1.216279801912605735e-02
3.643264770507812292e-03
3.426265970338135750e-03
2.755737074185162644e-03
3.167935371166095016e-03
4.458111124113202199e-03
3.707045014016330155e-03
3.859869767911732179e-03
4.154487906489521577e-03
5.737863499671220363e-03
4.972618061583489006e-03
2.666297772666439275e-03
2.456150541547685862e-03
3.184962667291983771e-03
3.629061079118400899e-03
2.698436769424006516e-03
5.192227181978524043e-03
4.710833923891186853e-03
2.234325086465105588e-03
2.842398129287175904e-03
3.455409237649291736e-03
4.986315810820087999e-03
3.504473625216632943e-03
3.771215127781033655e-03
5.681425754446535990e-03
5.449523052666336090e-03
3.954474517377093781e-03
3.550494816154241371e-03
2.939342207973822795e-03
5.432083999039605260e-03
4.848168068565428430e-03
4.751462982967496161e-03
3.979399793315678557e-03
2.256404518848285131e-03
3.869547622743994050e-03
5.105606648139655174e-03
3.508212562883272680e-03
5.406026029959321022e-03
3.840084151597693719e-03
3.570721542928367853e-03
2.842222846811637456e-03
5.448749226052314147e-03
1.587621858343481879e-02
2.334400579333305303e-02
1.448773543350398603e-02
1.125535580795258318e-02
1.081621428485959706e-02
2.469236334436573140e-03
1.786146418889984506e-03
2.144172845291905227e-03
1.702294149436056657e-03
1.755250537535175742e-03
1.592797244666144295e-03
2.181691732257604738e-03
3.187300813151523662e-03
4.115765236201695751e-03
3.505066649522632551e-03
2.946754502481780790e-03
2.362264250405132597e-03
2.543936537113040790e-03
2.297629035310819624e-03
2.778225032379850589e-03
4.214398385956883049e-03
3.488216397818177852e-03
2.938329630997031910e-03
6.117144825402646979e-03
5.367989363148808861e-03
2.537020854069851374e-03
3.854452199302613874e-03
3.819748186506330759e-03
3.575889358762651595e-03
4.529463315848260806e-03
4.070341688347980068e-03
5.452615630347281382e-03
5.646113315597176344e-03
4.623055090196431099e-03
4.507420277222990920e-03
7.437691837549209421e-03
3.820149314124136972e-03
4.776456992840394204e-03
4.114940168801694935e-03
4.081893467810004776e-03
2.787884606514126271e-03
3.564016483724117331e-03
6.606492511928081790e-03
2.945134257897734711e-03
2.381557830376550364e-03
6.533573959022760495e-03
2.933767056092620017e-03
2.893604435957968218e-03
1.999270535307004926e-03
1.269038797356188304e-02
2.142102635232731589e-02
2.254322785884142061e-03
1.896187041420489567e-03
1.806453427998348966e-03
2.917191147571429437e-03
3.013925721170380555e-03
3.521299619460478442e-03
2.187652201973833057e-03
2.817306591896340424e-03
2.152343844645656507e-03
2.161769837839529109e-03
2.242622285848483443e-03
3.151744231581688014e-03
3.814329243032261833e-03
3.988700043410062408e-03
5.599103011190891335e-03
1.615664769895374872e-02
4.758362505817785582e-03
2.853288324549793989e-03
2.359629281563684500e-03
3.129300760338083083e-03
3.174989758990704944e-03
3.025971680763177730e-03
3.275642131920903938e-03
4.335388798499479994e-03
1.772850174456834689e-03
1.290539623587392279e-03
2.857259954325854900e-03
7.217248822562396561e-03
1.054537113755941308e-02
2.234194548800587724e-02
1.667369554750621277e-02
1.212496326304972165e-02
1.134229388087987928e-02
9.080900037661194732e-03
8.978160033002495488e-03
8.566213380545377801e-03
7.826635600067674559e-03
7.474117684178054229e-03
7.367688205558806797e-03
6.530762887559831038e-03
2.919535428518429520e-03
1.367540008504874961e-03
2.324837824562564666e-03
2.564779720269143477e-03
1.676734373904764609e-03
1.386743069742806325e-03
1.452440783614292749e-03
1.834939495893195271e-03
2.140656671836041122e-03
1.586663103662431162e-03
3.493199776858091528e-03
2.665953944087959705e-03
1.966329512652009552e-03
1.527351593831553951e-03
2.108161438954994204e-03
1.970228439313359645e-03
4.423107847105711872e-03
2.447314745513722283e-03
1.810381400864571368e-03
2.625634390278719452e-03
2.463689754949882800e-03
2.569738330785185064e-03
5.546059168409556150e-03
3.675938311498612183e-03
3.381655269768088848e-03
2.396419970318675128e-03
4.207040909677744155e-03
3.127688396489247680e-03
2.360920804785564438e-03
2.453548283781856187e-02
3.344679567962884764e-02
6.175678262952715575e-03
3.023542305454611848e-03
2.098454477963969216e-03
2.177842467790469701e-03
1.672179634333588244e-03
1.892594092059880599e-03
3.664807006716728262e-03
3.319987504510209155e-03
3.518609269522130541e-03
3.673800898250192612e-03
3.665362097090110391e-03
2.153141825692728075e-03
1.793444225331768376e-03
1.687395967310294535e-03
1.704859684105031279e-03
1.896045513567514752e-03
4.410935370251536404e-03
3.082019207067787474e-03
2.464239608962088667e-03
2.955860521178692475e-03
2.691681016003713133e-03
4.484651463571936135e-03
5.504033858887851655e-03
8.633361887186765879e-03
2.020451452583074681e-02
1.400032964535057566e-02
1.155070507898926790e-02
1.009516859427094480e-02
9.675675183534621429e-03
2.919399099191650592e-03
1.370606637210585203e-03
2.635963920038193482e-03
2.382322814082726663e-03
1.683667390607297394e-03
2.597728047985583492e-03
2.213244974846020376e-03
3.033329900354147114e-03
2.625544931506738119e-03
2.299514124169945925e-03
1.515317153534851899e-03
2.047115686582401568e-03
1.949810709920711798e-03
2.298477662261575599e-03
2.677829418098554102e-03
2.133545310935005754e-03
3.154462124221026932e-03
1.630471922690048805e-03
2.660042971838265727e-03
2.387337546679191291e-03
1.989549834397621488e-03
1.879840362234972513e-03
1.637068147538229884e-03
1.721138533903285826e-03
2.436490147374570370e-03
1.913355831056833206e-03
2.627484475960954920e-03
3.548824781319126487e-03
8.689594794996082991e-03
3.713917472865432834e-02
1.650435687974095497e-02
1.098064714460633695e-02
3.456188521813601238e-03
2.607727274298667769e-03
1.906527505489066278e-03
3.898137053474783932e-03
1.385591469705104752e-02
3.401538454927504045e-03
2.062663329998031241e-03
2.187653203727677430e-03
2.500597683247178689e-03
1.536372766131535207e-03
2.141442594002001144e-03
1.624154482560698047e-03
2.568950698478147249e-03
2.061715298332273804e-03
2.607690982986241631e-03
2.122450956958346017e-03
2.534371350193396089e-03
2.531619021901860677e-03
2.078732237569056243e-03
1.989240688271820372e-03
1.413441692711785375e-03
2.816193740582093735e-03
2.477462736424058606e-03
2.497374992817640287e-03
4.159841532818973030e-03
5.700138050597161436e-03
3.225521368440240413e-03
1.813689775881357482e-03
2.055610830429941208e-03
3.632409054553136386e-03
7.205740844365209237e-03
4.389445495326072325e-03
4.440170878078788727e-03
2.620986704714596202e-03
2.106738620786927432e-03
3.313238292466848950e-03
2.166308624437078903e-03
2.879891730844974691e-03
3.415405405685305491e-03
2.665973661933094142e-03
3.160470827715471543e-03
2.741510285413824039e-03
1.926402818062342712e-03
4.376263986341655081e-03
1.635041667614132218e-03
1.918627711129374793e-03
3.670161627815104934e-03
4.722071633441373567e-03
8.555467836558819372e-03
8.992343575228005717e-03
4.002698337659239824e-02
1.519842862151563230e-02
7.351151515031233152e-03
2.074634156888350948e-03
1.432998720556497496e-03
1.439783424139022766e-03
1.924836311955004878e-03
1.926360453944653359e-03
1.583981086150743154e-03
2.164955289335921199e-03
3.676898535341024607e-03
2.272450479213148408e-03
1.637433386058546663e-03
1.608891428913921187e-03
1.648179008043371141e-03
1.753690245677717125e-03
3.536724424338899726e-03
3.225092226639390131e-03
2.878034063614904811e-03
2.528599288780242205e-03
3.921509464853443171e-03
3.553423052653670484e-03
3.082731261383741921e-03
2.287151748896576551e-03
1.724621613393537752e-03
2.105162999359890680e-03
3.950330116786062752e-03
2.791585011873394268e-03
3.759969144593924232e-03
5.974815381923690230e-03
2.864019675180316110e-02
1.809702992439270186e-02
1.245452510192990303e-02
9.292773045599460671e-03
8.965785061009227605e-03
7.945995691698045163e-03
1.044253855012357290e-02
9.539715070277452955e-03
8.508264194242656439e-03
7.346768425777554755e-03
6.787242034915834735e-03
1.687059766554739257e-03
1.145666419761255314e-03
9.107128629693761251e-04
9.018015014589763744e-04
1.167318861116655067e-03
2.014843432698398915e-03
2.059106469387188623e-03
1.715405854629352671e-03
1.422307702596299324e-03
1.315585047123022473e-03
1.065992833464406413e-03
1.774395233951508999e-03
3.038457573857158457e-03
1.402181108715012644e-03
1.766546312719583433e-03
1.099230604013428118e-03
1.836334281833842301e-03
2.271609556046314416e-03
2.051935608033090847e-03
3.069843093398958323e-03
2.038169794250279526e-03
4.602146628312766934e-03
4.330066978000104115e-03
2.548142148181796116e-02
1.559232315979897955e-02
1.145951298763975452e-02
2.255448468495160376e-03
1.873881578212603866e-03
2.321542282588779857e-03
1.823503265040926679e-03
1.449697052594274213e-03
3.328862314810976473e-03
1.723272494273260210e-03
2.088188710622489608e-03
1.722861524904146851e-03
2.998102927813306538e-03
3.595809377729892661e-03
1.999648412456736003e-03
1.838607792742550338e-03
2.629103008657693741e-03
2.035888310056179970e-03
1.756300589768215953e-03
3.029550260398536712e-03
2.228049128316342969e-03
3.334759315475821322e-03
2.159123386954888910e-03
1.242657877737656305e-03
2.707524536526762036e-03
4.301788028096780077e-03
5.381322284229099473e-03
2.980469900649040937e-03
2.975421716691926087e-03
2.817362099885940569e-03
2.442069305106997663e-03
2.411244595423340728e-03
3.573981056688353610e-03
2.257123224553651917e-03
4.867930025793612385e-03
1.779263910138979485e-03
2.484696834580972687e-03
1.620753697352483869e-03
2.109496123157441477e-03
3.683569782879203558e-03
3.502276936778798543e-03
4.929664356168359830e-03
3.626502659171819756e-03
6.572965898085385630e-03
8.510172436945139668e-03
3.578790349420160003e-03
4.053579668980091671e-03
5.990820089355110983e-03
2.551631641108542507e-03
1.988554311101324839e-03
3.059784547658637045e-03
1.686098533100448575e-03
1.933348884340375766e-03
3.267412983113899671e-03
3.155844199936837149e-03
2.600685536162927573e-03
2.635976051678881171e-03
3.118928589392453224e-03
2.275445400737226027e-03
3.815935990423895575e-03
4.551780574256553830e-03
3.156569392886012914e-03
1.154443207196891377e-02
1.708407942205667635e-02
6.244740893598645960e-03
2.753974681254476187e-03
1.742485606810078094e-03
2.089120526215992955e-03
2.125832051096949830e-03
1.665545732248574539e-03
1.472226483165286516e-03
2.162291918066330202e-03
2.557211320381611638e-03
2.036666795320343348e-03
1.542012954014353350e-03
1.413695191731676511e-03
3.510472506750374894e-03
3.218571903416886804e-03
1.513681995566003129e-03
1.924435362452641199e-03
1.587276094360277065e-03
4.232777494471520220e-03
3.712321992497891361e-03
2.512287755962461233e-03
2.382838593330234307e-03
5.197599881794304037e-03
2.122126935282722150e-03
1.897381404414773005e-03
1.796647385926917117e-03
2.124749295180663328e-03
3.839227517601102781e-03
5.705893305130303045e-03
3.364332400960847683e-03
1.823881642194464777e-03
1.611129276570864074e-03
4.244758153799921101e-03
4.649714641273021767e-03
5.319094787118956724e-03
3.156995482277125033e-03
3.031887809047475318e-03
3.050894924672320659e-03
3.938168960157781978e-03
3.097100115846842736e-03
2.262838009046390462e-03
2.240817090496420669e-03
1.721935888053849383e-03
2.540156693430617625e-03
2.426269671414047618e-03
1.480978659237734913e-03
2.765472329920157755e-03
2.601016586413607175e-03
2.152401192870456552e-03
4.680243425536900585e-03
2.763051911606453394e-03
3.622964113019406986e-03
3.300474672578275048e-03
4.600122962146997382e-03
3.083038288168608951e-03
1.996640001889318176e-03
2.574645049171522294e-03
3.637073426507413370e-03
3.101672827033326134e-03
5.266130564268678600e-03
4.277313689235597884e-03
2.640317097539082378e-03
1.789940890157595268e-03
1.800382894580252434e-03
2.342008734121918661e-03
3.557998776668682642e-03
2.067836523638106813e-03
1.910051039885729551e-03
1.933131462428718840e-03
5.068329859059303617e-03
6.649027946405112327e-03
4.265862582251429835e-03
3.459572788793593978e-02
1.692804620601236903e-02
1.361995066516101353e-02
6.693147369660436795e-03
1.511165827978402281e-03
1.622100023087114052e-03
2.143098026281222823e-03
1.597255003289319670e-03
6.966273719444870472e-04
6.977674682275391681e-04
1.626875073416158635e-03
4.596431232057511876e-03
1.061181591358035733e-02
1.027755906572565443e-02
3.193064408842474430e-03
2.554603490279987524e-03
1.935977209359407382e-03
3.926398148760199686e-03
3.550096494145691360e-03
3.075890009058639216e-03
1.089509781158994918e-03
1.295809745788574323e-03
1.384596552816219541e-03
2.436547538964077639e-03
2.922783825779333780e-03
2.366407795343548025e-03
3.432926874374970638e-03
1.289154032012447722e-02
1.664576258510351223e-02
1.379853442311286885e-02
1.348894675262272275e-02
6.524586144369095425e-03
2.520333407446742179e-03
8.418301653000526260e-04
7.281265110941604300e-04
9.717118224943987548e-04
1.512936570798046948e-03
1.520007256185635942e-03
1.093529047793708646e-03
8.724759062170051342e-04
1.314718882495071687e-03
2.857617244590073685e-03
2.356528588570654548e-03
2.878828342072665709e-03
2.037648356053978378e-03
1.956321717589162151e-03
2.095574397826567483e-03
1.729372852714732229e-03
2.178656433243304682e-03
1.371574643417261498e-03
1.372215948940720470e-03
2.537520250771194748e-03
1.990105804288759984e-03
7.146777876187115908e-03
1.901816854719072525e-02
2.517829732038080748e-02
1.456227052956819527e-02
1.101485623978078372e-02
1.049160099588334477e-02
8.527765646576881964e-03
8.690586932934819819e-03
8.272099774330854416e-03
7.186351744458079061e-03
7.699187276884913132e-03
6.941805030219256462e-03
6.364528639242052893e-03
3.755491312476806273e-03
8.688098212587646706e-04
7.840022657182999085e-04
7.310343295102939227e-04
9.849343582754954522e-04
1.042325882590375763e-03
8.040386496577412064e-04
1.001625441713258546e-03
1.531726622779387920e-03
9.667880064807832501e-04
1.856159925227984743e-03
2.657834404380992211e-03
2.161257686093449610e-03
2.015589824877679539e-03
1.053788929129950659e-03
1.118642168003134395e-03
1.262397198006510665e-03
2.011824332294054416e-03
2.285738874343223957e-03
1.525650214753113652e-03
6.236263316823169832e-03
4.520841576159000119e-03
3.378485669381916731e-03
3.961278456263244568e-03
2.973238079575821636e-03
1.807167794904671531e-03
1.241102799249347265e-03
1.424533433164469967e-03
1.732461401727050654e-02
2.459340983070433181e-02
1.387998717837035656e-02
1.215857695322483840e-02
1.174428347032517236e-02
8.068790761753916185e-03
9.378496333956718237e-03
9.171488862484693250e-03
8.209754023700952322e-03
8.462717309594153942e-03
8.132094736211001318e-03
7.423821152187883542e-03
6.667583305388688659e-03
6.329451615456492021e-03
1.700309926527552272e-03
1.069673101883381657e-03
8.605525278835557661e-04
7.318526829476468525e-04
9.962221950991078257e-04
8.785361034097150012e-04
8.993341869791038638e-04
7.079530580085702674e-04
8.855023389332928154e-04
1.254125807317905050e-03
3.010492230532691056e-03
2.311680599814280694e-03
3.222308848053216743e-03
6.182337468490004158e-03
4.662365568801760812e-03
1.779428091831505290e-03
1.494879169622436062e-03
2.214345047250390174e-03
1.611888592597097167e-03
1.749732976313680445e-03
1.503177390492055517e-02
1.302642025053501150e-02
6.491058189421892305e-03
1.092013165471143916e-03
1.076750225620344255e-03
2.433217332290951371e-03
1.578155841561965653e-03
1.387465990264900081e-03
4.766538695548661053e-03
2.480584790930151842e-02
1.534432763233780847e-02
1.143953801132738604e-02
1.065814226865768356e-02
9.568850994110107006e-03
8.716478834394365827e-03
8.391518904827534667e-03
8.379036020487546851e-03
7.689083842560649057e-03
7.718459218740463673e-03
6.304887150181457019e-03
1.236663763993419785e-03
1.031410236610099751e-03
1.190756480791606026e-03
1.103341740672476564e-03
1.042258186498656912e-03
1.451667583896778602e-03
1.461808269959874538e-03
1.159003567881882173e-03
1.350413378677330989e-03
3.652862067101523332e-03
2.058464582543820254e-02
1.277280558831989793e-02
1.033968729898333480e-02
6.908289297716692194e-03
2.045288957888260605e-03
1.948244617378804781e-03
3.060877727111801366e-03
1.949356606928631663e-03
1.256505724741145994e-03
1.288871099241077839e-03
2.002016891492530530e-03
1.011557862802874236e-03
1.043402557261288244e-03
1.560775478719733699e-03
1.074395585164893445e-03
1.558135799714364163e-03
1.390603743493556890e-03
4.535219178651459133e-03
1.345381436753086829e-02
7.371144605567678948e-03
2.535104575799777913e-03
2.448274858761578625e-03
1.969215832650661382e-03
2.289748484035953983e-03
3.887836749199777720e-03
1.887187839602120273e-03
1.904095076024532335e-03
1.869195728795603004e-03
2.691155950305983407e-03
2.041561807855032332e-03
1.420867968117818254e-03
2.154218307114206307e-03
4.986275563715026130e-03
3.659610502421856149e-02
1.411970423534512561e-02
1.147830871399492005e-02
2.849657931365072536e-03
2.103137640515342303e-03
1.005940743489190875e-03
2.011549654998816532e-03
1.960592387185897643e-03
9.864382555242627582e-03
3.342234138399362633e-03
1.578176958719268398e-03
1.846415826003067282e-03
9.922936215298249971e-04
1.753418571897782463e-03
3.299189431709237483e-03
3.418053479399532114e-03
2.825186952250078199e-03
1.378799495869316091e-03
4.402255508466623724e-04
3.135141251550521550e-04
3.537224521278403743e-04
3.209441204671747917e-04
3.611375702894292685e-04
3.751117610954679744e-04
3.222190520318690471e-04
3.528577221732121134e-04
3.934316337108612061e-04
4.646709492953959614e-04
4.858862937544472429e-04
4.450575569353532003e-04
4.105860697745811346e-04
3.781724422879051634e-04
3.522822185186669057e-04
4.046632997051347177e-04
4.740057984599843816e-04
5.972512761945836203e-04
3.903609843109734096e-04
5.431257071904837868e-04
5.603906285250559146e-04
7.033318679896182965e-04
6.733906531007960482e-04
7.319936614658217964e-04
5.873941708705388356e-04
5.196093820268288775e-04
