3.935312509536743164e+00
4.268864393234252930e+00
4.595927000045776367e+00
4.976995229721069336e+00
5.375071287155151367e+00
5.776276111602783203e+00
6.138821125030517578e+00
6.441363573074340820e+00
6.793416976928710938e+00
7.122961282730102539e+00
7.454539775848388672e+00
7.804095745086669922e+00
8.147157192230224609e+00
8.542235136032104492e+00
8.924304008483886719e+00
9.278864383697509766e+00
9.617419719696044922e+00
9.930960893630981445e+00
1.026779699325561523e+01
1.060256242752075195e+01
1.091621541976928711e+01
1.126390624046325684e+01
1.159077358245849609e+01
1.191322851181030273e+01
1.225982832908630371e+01
1.259573006629943848e+01
1.299208402633666992e+01
1.335047221183776855e+01
1.369364666938781738e+01
1.403757715225219727e+01
1.436973571777343750e+01
1.472070097923278809e+01
1.509921908378601074e+01
1.547330260276794434e+01
1.577788162231445312e+01
1.614259696006774902e+01
1.651484537124633789e+01
1.699605035781860352e+01
1.749196720123291016e+01
1.791336631774902344e+01
1.857671594619750977e+01
1.920711898803710938e+01
1.965193557739257812e+01
2.000957727432250977e+01
2.038109445571899414e+01
2.070160460472106934e+01
2.107678318023681641e+01
2.145782756805419922e+01
2.180326581001281738e+01
2.218985176086425781e+01
2.257308936119079590e+01
2.301433324813842773e+01
2.340321588516235352e+01
2.376427769660949707e+01
2.425214004516601562e+01
2.465078616142272949e+01
2.501786446571350098e+01
2.540066552162170410e+01
2.578253912925720215e+01
2.616346263885498047e+01
2.655174183845520020e+01
2.692114210128784180e+01
2.729722523689270020e+01
2.767131233215332031e+01
2.803491210937500000e+01
2.841098785400390625e+01
2.878907275199890137e+01
2.916020441055297852e+01
2.948775148391723633e+01
2.983882594108581543e+01
3.021539545059204102e+01
3.059596920013427734e+01
3.097557759284973145e+01
3.135171175003051758e+01
3.174079823493957520e+01
3.210290408134460449e+01
3.244646501541137695e+01
3.286029624938964844e+01
3.326236581802368164e+01
3.366848874092102051e+01
3.404012298583984375e+01
3.440671157836914062e+01
3.480982494354248047e+01
3.518139362335205078e+01
3.554399299621582031e+01
3.594207477569580078e+01
3.629060912132263184e+01
3.667721724510192871e+01
3.703631782531738281e+01
3.745041513442993164e+01
3.779877185821533203e+01
3.810242462158203125e+01
3.846817612648010254e+01
3.878324937820434570e+01
3.908624911308288574e+01
3.939579534530639648e+01
3.972622823715209961e+01
4.003971600532531738e+01
4.036172580718994141e+01
4.066870260238647461e+01
4.096363401412963867e+01
4.132298707962036133e+01
4.158988070487976074e+01
4.191779232025146484e+01
4.222382855415344238e+01
4.253598141670227051e+01
4.285596585273742676e+01
4.315827345848083496e+01
4.347422480583190918e+01
4.378836512565612793e+01
4.409003853797912598e+01
4.439417862892150879e+01
4.469723057746887207e+01
4.505573177337646484e+01
4.537599968910217285e+01
4.567853379249572754e+01
4.599889349937438965e+01
4.630457162857055664e+01
4.660961771011352539e+01
4.692255640029907227e+01
4.721710443496704102e+01
4.769692420959472656e+01
4.803306365013122559e+01
4.841006588935852051e+01
4.870914220809936523e+01
4.901816892623901367e+01
4.932567238807678223e+01
4.963169527053833008e+01
4.996237397193908691e+01
5.028095149993896484e+01
5.058615231513977051e+01
5.089740037918090820e+01
5.118460583686828613e+01
5.153387546539306641e+01
5.183622550964355469e+01
5.213234424591064453e+01
5.244147634506225586e+01
5.273666167259216309e+01
5.304755783081054688e+01
5.338050341606140137e+01
5.367754960060119629e+01
5.400810790061950684e+01
5.430817699432373047e+01
5.464974236488342285e+01
5.498629975318908691e+01
5.526185178756713867e+01
5.556141138076782227e+01
5.587196373939514160e+01
5.617051839828491211e+01
5.646406984329223633e+01
5.678462672233581543e+01
5.707718467712402344e+01
5.741176342964172363e+01
5.772832036018371582e+01
5.804287934303283691e+01
5.833042860031127930e+01
5.863198018074035645e+01
5.893052887916564941e+01
5.922928142547607422e+01
5.953282785415649414e+01
5.982737255096435547e+01
6.016043686866760254e+01
6.045998787879943848e+01
6.077354836463928223e+01
6.108561277389526367e+01
6.137816071510314941e+01
6.167870593070983887e+01
6.198125100135803223e+01
6.228380393981933594e+01
6.260035252571105957e+01
6.291692090034484863e+01
6.321298718452453613e+01
6.351349282264709473e+01
6.381804442405700684e+01
6.421613955497741699e+01
6.457470703125000000e+01
6.487826061248779297e+01
6.518080520629882812e+01
6.552436375617980957e+01
6.583692240715026855e+01
6.616087484359741211e+01
6.646042323112487793e+01
6.675434088706970215e+01
6.705005574226379395e+01
6.734878492355346680e+01
6.764972615242004395e+01
6.800910544395446777e+01
6.829858088493347168e+01
6.860051321983337402e+01
6.890560269355773926e+01
6.923210453987121582e+01
6.952972292900085449e+01
6.983181643486022949e+01
7.013552141189575195e+01
7.048089599609375000e+01
7.079066181182861328e+01
7.109597516059875488e+01
7.139947557449340820e+01
7.170441961288452148e+01
7.200836038589477539e+01
7.231227850914001465e+01
7.261817097663879395e+01
7.297006011009216309e+01
7.327162647247314453e+01
7.358041310310363770e+01
7.389127302169799805e+01
7.419190549850463867e+01
7.450965857505798340e+01
7.480418825149536133e+01
7.515848159790039062e+01
7.553634715080261230e+01
7.583158779144287109e+01
7.616250872611999512e+01
7.645771265029907227e+01
7.676326918601989746e+01
7.727286934852600098e+01
7.762643551826477051e+01
7.794202041625976562e+01
7.826258182525634766e+01
7.857014489173889160e+01
7.888269925117492676e+01
7.918025612831115723e+01
7.948380804061889648e+01
7.982488536834716797e+01
8.013443779945373535e+01
8.046201109886169434e+01
8.076558899879455566e+01
8.106230163574218750e+01
8.137285184860229492e+01
8.169942140579223633e+01
8.204551982879638672e+01
8.237908911705017090e+01
8.269065546989440918e+01
8.301773452758789062e+01
8.339983868598937988e+01
8.376091909408569336e+01
8.418952989578247070e+01
8.453110122680664062e+01
8.490018820762634277e+01
8.526428222656250000e+01
8.565537166595458984e+01
8.609546780586242676e+01
8.649907302856445312e+01
8.684414887428283691e+01
8.719071626663208008e+01
8.754727673530578613e+01
8.789636135101318359e+01
8.834445738792419434e+01
8.889559531211853027e+01
8.923016667366027832e+01
8.957975888252258301e+01
8.994184136390686035e+01
9.047347235679626465e+01
9.085155463218688965e+01
9.118913578987121582e+01
9.154169654846191406e+01
9.188077569007873535e+01
9.224434924125671387e+01
9.272375392913818359e+01
9.308683800697326660e+01
9.343140649795532227e+01
9.379397320747375488e+01
9.413504767417907715e+01
9.456666922569274902e+01
9.491775822639465332e+01
9.526483678817749023e+01
9.561992835998535156e+01
9.596701431274414062e+01
9.637510657310485840e+01
9.674319791793823242e+01
9.711376428604125977e+01
9.754638123512268066e+01
9.786494517326354980e+01
9.830506920814514160e+01
9.870415282249450684e+01
9.927178645133972168e+01
9.962834644317626953e+01
1.001289749145507812e+02
1.004860589504241943e+02
1.008913700580596924e+02
1.012859647274017334e+02
1.017412452697753906e+02
1.021509487628936768e+02
1.024869482517242432e+02
1.028285183906555176e+02
1.031930475234985352e+02
1.035988514423370361e+02
1.039799487590789795e+02
1.043435359001159668e+02
1.046843030452728271e+02
1.051029300689697266e+02
1.055557978153228760e+02
1.059522545337677002e+02
1.063395798206329346e+02
1.067937119007110596e+02
1.072527666091918945e+02
1.076423380374908447e+02
1.080056610107421875e+02
1.086474637985229492e+02
1.091563708782196045e+02
1.094961805343627930e+02
1.099160392284393311e+02
1.102769660949707031e+02
1.107485759258270264e+02
1.112239000797271729e+02
1.116282095909118652e+02
1.120283150672912598e+02
1.124832401275634766e+02
1.128684394359588623e+02
1.132597007751464844e+02
1.136767792701721191e+02
1.140898647308349609e+02
1.145308425426483154e+02
1.149180655479431152e+02
1.153416604995727539e+02
1.156945261955261230e+02
1.161664235591888428e+02
1.165323417186737061e+02
1.168775792121887207e+02
1.174777176380157471e+02
1.179986331462860107e+02
1.184214611053466797e+02
1.188213338851928711e+02
1.191498951911926270e+02
1.195534889698028564e+02
1.199419658184051514e+02
1.203358180522918701e+02
1.207098944187164307e+02
1.211918151378631592e+02
1.215578992366790771e+02
1.219405159950256348e+02
1.223276093006134033e+02
1.227758557796478271e+02
1.232099442481994629e+02
1.236586122512817383e+02
1.242418334484100342e+02
1.248175830841064453e+02
1.252655158042907715e+02
1.258879442214965820e+02
1.264639611244201660e+02
1.268805260658264160e+02
1.272546076774597168e+02
1.277383990287780762e+02
1.281280114650726318e+02
1.284874680042266846e+02
1.288585391044616699e+02
1.293008506298065186e+02
1.296963467597961426e+02
1.300616757869720459e+02
1.304012365341186523e+02
1.307693269252777100e+02
1.311296045780181885e+02
1.314691712856292725e+02
1.318272767066955566e+02
1.321673486232757568e+02
1.325956008434295654e+02
1.329223394393920898e+02
1.332669842243194580e+02
1.336448056697845459e+02
1.340760679244995117e+02
1.346644194126129150e+02
1.350825777053833008e+02
1.354944648742675781e+02
1.358825883865356445e+02
1.362488889694213867e+02
1.366068401336669922e+02
1.370277018547058105e+02
1.373999652862548828e+02
1.377464876174926758e+02
1.381021149158477783e+02
1.384872097969055176e+02
1.388310420513153076e+02
1.391684358119964600e+02
1.395024461746215820e+02
1.398987541198730469e+02
1.402630140781402588e+02
1.406275830268859863e+02
1.409712581634521484e+02
1.413701524734497070e+02
1.417106792926788330e+02
1.422186012268066406e+02
1.426330769062042236e+02
1.430817947387695312e+02
1.434284021854400635e+02
1.437682323455810547e+02
1.441227631568908691e+02
1.444981646537780762e+02
1.448453369140625000e+02
1.451822271347045898e+02
1.455229530334472656e+02
1.459190773963928223e+02
1.462629137039184570e+02
1.466286725997924805e+02
1.469783599376678467e+02
1.473659298419952393e+02
1.477167332172393799e+02
1.480790369510650635e+02
1.484158957004547119e+02
1.487911095619201660e+02
1.492545485496520996e+02
1.495932767391204834e+02
1.501427633762359619e+02
1.504903917312622070e+02
1.508196587562561035e+02
1.511658170223236084e+02
1.515487132072448730e+02
1.518817925453186035e+02
1.522428145408630371e+02
1.525990722179412842e+02
1.529908943176269531e+02
1.533449981212615967e+02
1.536855549812316895e+02
1.540206394195556641e+02
1.544022195339202881e+02
1.547522993087768555e+02
1.550928575992584229e+02
1.554314160346984863e+02
1.557739944458007812e+02
1.561225574016571045e+02
1.564776418209075928e+02
1.568642375469207764e+02
1.574573926925659180e+02
1.578019471168518066e+02
1.582215468883514404e+02
1.586306264400482178e+02
1.589581863880157471e+02
1.593202588558197021e+02
1.596823456287384033e+02
1.600164141654968262e+02
1.603584854602813721e+02
1.607220485210418701e+02
1.611081273555755615e+02
1.614542119503021240e+02
1.618077898025512695e+02
1.621851027011871338e+02
1.625391733646392822e+02
1.628705241680145264e+02
1.632170321941375732e+02
1.636003775596618652e+02
1.640604729652404785e+02
1.645051441192626953e+02
1.649084436893463135e+02
1.652852251529693604e+02
1.656271927356719971e+02
1.660049519538879395e+02
1.663023812770843506e+02
1.666359784603118896e+02
1.669773576259613037e+02
1.673663229942321777e+02
1.677102730274200439e+02
1.680375478267669678e+02
1.684400095939636230e+02
1.687426114082336426e+02
1.690821747779846191e+02
1.694257309436798096e+02
1.698268158435821533e+02
1.701563718318939209e+02
1.705254628658294678e+02
1.710340762138366699e+02
1.713931565284729004e+02
1.718237679004669189e+02
1.722168405055999756e+02
1.725729355812072754e+02
1.729104864597320557e+02
1.732545781135559082e+02
1.736141457557678223e+02
1.739492142200469971e+02
1.742677693367004395e+02
1.746813549995422363e+02
1.750324251651763916e+02
1.754385049343109131e+02
1.758871066570281982e+02
1.762006680965423584e+02
1.765412309169769287e+02
1.768713061809539795e+02
1.773651299476623535e+02
1.777152023315429688e+02
1.780482642650604248e+02
1.784163365364074707e+02
1.787678890228271484e+02
1.791369681358337402e+02
1.795200448036193848e+02
1.798286056518554688e+02
1.801631622314453125e+02
1.804932367801666260e+02
1.808883390426635742e+02
1.812369043827056885e+02
1.815704648494720459e+02
1.819565384387969971e+02
1.822751972675323486e+02
1.826007547378540039e+02
1.829965314865112305e+02
1.834801373481750488e+02
1.838102035522460938e+02
1.842212946414947510e+02
1.845588536262512207e+02
1.848824062347412109e+02
1.852069568634033203e+02
1.855560348033905029e+02
1.858875880241394043e+02
1.862156703472137451e+02
1.865847496986389160e+02
1.869068176746368408e+02
1.872453851699829102e+02
1.875619599819183350e+02
1.879010341167449951e+02
1.882245948314666748e+02
1.885676703453063965e+02
1.891122739315032959e+02
1.894598643779754639e+02
1.897974221706390381e+02
1.901765031814575195e+02
1.905090675354003906e+02
1.908296306133270264e+02
1.911731388568878174e+02
1.915236530303955078e+02
1.918557081222534180e+02
1.921860997676849365e+02
1.925439057350158691e+02
1.928538925647735596e+02
1.932040476799011230e+02
1.935458779335021973e+02
1.938746888637542725e+02
1.942064661979675293e+02
1.947277615070343018e+02
1.950228323936462402e+02
1.954193186759948730e+02
1.958181548118591309e+02
1.961537141799926758e+02
1.964737787246704102e+02
1.968533291816711426e+02
1.971848819255828857e+02
1.975194351673126221e+02
1.978455259799957275e+02
1.981925909519195557e+02
1.984971382617950439e+02
1.988682234287261963e+02
1.992093148231506348e+02
1.995268654823303223e+02
1.998879370689392090e+02
2.003270077705383301e+02
2.006635844707489014e+02
2.010216703414916992e+02
2.013587336540222168e+02
2.016774418354034424e+02
2.019900016784667969e+02
2.023390822410583496e+02
2.026576302051544189e+02
2.029981937408447266e+02
2.033887584209442139e+02
2.037043108940124512e+02
2.040223658084869385e+02
2.044034404754638672e+02
2.047199981212615967e+02
2.050395481586456299e+02
2.054286181926727295e+02
2.058593864440917969e+02
2.062061691284179688e+02
2.066044549942016602e+02
2.069244661331176758e+02
2.072430162429809570e+02
2.076901378631591797e+02
2.079956905841827393e+02
2.083068308830261230e+02
2.086842482089996338e+02
2.089829733371734619e+02
2.093179068565368652e+02
2.096964867115020752e+02
2.100342721939086914e+02
2.103520250320434570e+02
2.106651289463043213e+02
2.110182092189788818e+02
2.113947815895080566e+02
2.117799012660980225e+02
2.120609138011932373e+02
2.123661689758300781e+02
2.126948781013488770e+02
2.130087041854858398e+02
2.133243641853332520e+02
2.136066267490386963e+02
2.139530243873596191e+02
2.142559535503387451e+02
2.145760216712951660e+02
2.149697799682617188e+02
2.152690346240997314e+02
2.155819551944732666e+02
2.159387109279632568e+02
2.163408150672912598e+02
2.167783558368682861e+02
2.171246607303619385e+02
2.174444251060485840e+02
2.177623260021209717e+02
2.181004185676574707e+02
2.184224865436553955e+02
2.187260997295379639e+02
2.190735392570495605e+02
2.193856127262115479e+02
2.197040073871612549e+02
2.200500805377960205e+02
2.203489077091217041e+02
2.206823937892913818e+02
2.210430283546447754e+02
2.215800180435180664e+02
2.219308550357818604e+02
2.222425742149353027e+02
2.225752019882202148e+02
2.229634509086608887e+02
2.232783832550048828e+02
2.236486597061157227e+02
2.240333378314971924e+02
2.243377256393432617e+02
2.246984319686889648e+02
2.249836235046386719e+02
2.253004319667816162e+02
2.256327683925628662e+02
2.259246370792388916e+02
2.262438266277313232e+02
2.265552952289581299e+02
2.268988239765167236e+02
2.272096233367919922e+02
2.275165977478027344e+02
2.278160989284515381e+02
2.281332767009735107e+02
2.286194181442260742e+02
2.290318493843078613e+02
2.293807432651519775e+02
2.297248177528381348e+02
2.300583658218383789e+02
2.304423167705535889e+02
2.307701127529144287e+02
2.310936274528503418e+02
2.314201738834381104e+02
2.317601261138916016e+02
2.321383185386657715e+02
2.324260406494140625e+02
2.327758545875549316e+02
2.332214579582214355e+02
2.335250966548919678e+02
2.338641612529754639e+02
2.341755025386810303e+02
2.345507776737213135e+02
2.349298982620239258e+02
2.352300736904144287e+02
2.355664284229278564e+02
2.358562092781066895e+02
2.361691579818725586e+02
2.365100395679473877e+02
2.368499238491058350e+02
2.371748342514038086e+02
2.375724959373474121e+02
2.380295321941375732e+02
2.383693947792053223e+02
2.387091035842895508e+02
2.390541307926177979e+02
2.394195344448089600e+02
2.397261261940002441e+02
2.400799722671508789e+02
2.403941054344177246e+02
2.407107107639312744e+02
2.410901410579681396e+02
2.414171390533447266e+02
2.417427947521209717e+02
2.421092967987060547e+02
2.424373259544372559e+02
2.428036568164825439e+02
2.431306214332580566e+02
2.435582914352416992e+02
2.440016322135925293e+02
2.445175287723541260e+02
2.448523874282836914e+02
2.452268195152282715e+02
2.456569104194641113e+02
2.462420992851257324e+02
2.467511570453643799e+02
2.471042444705963135e+02
2.475158405303955078e+02
2.479186284542083740e+02
2.483054378032684326e+02
2.487321298122406006e+02
2.491584124565124512e+02
2.496248340606689453e+02
2.499590568542480469e+02
2.502883605957031250e+02
2.507658987045288086e+02
2.511872036457061768e+02
2.515644547939300537e+02
2.518754966259002686e+02
2.522003531455993652e+02
2.526129076480865479e+02
2.529446353912353516e+02
2.533215324878692627e+02
2.536599497795104980e+02
2.540126905441284180e+02
2.543020226955413818e+02
2.546334009170532227e+02
2.551667246818542480e+02
2.555527162551879883e+02
2.559137549400329590e+02
2.562397158145904541e+02
2.565691542625427246e+02
2.569221053123474121e+02
2.572594079971313477e+02
2.575881788730621338e+02
2.579613275527954102e+02
2.583077983856201172e+02
2.586743173599243164e+02
2.590137519836425781e+02
2.593494985103607178e+02
2.597324903011322021e+02
2.600443232059478760e+02
2.604376831054687500e+02
2.607766067981719971e+02
2.611493391990661621e+02
2.616937606334686279e+02
2.620223243236541748e+02
2.623613936901092529e+02
2.627759828567504883e+02
2.631167116165161133e+02
2.634292738437652588e+02
2.637819869518280029e+02
2.641116597652435303e+02
2.644504456520080566e+02
2.648287081718444824e+02
2.651384263038635254e+02
2.654757483005523682e+02
2.658373107910156250e+02
2.661661052703857422e+02
2.665648224353790283e+02
2.669093785285949707e+02
2.672886502742767334e+02
2.676262140274047852e+02
2.679613282680511475e+02
2.683430747985839844e+02
2.687019021511077881e+02
2.690914771556854248e+02
2.695983176231384277e+02
2.700471477508544922e+02
2.703887910842895508e+02
2.708143801689147949e+02
2.711584672927856445e+02
2.715167410373687744e+02
2.719190096855163574e+02
2.722840828895568848e+02
2.727526993751525879e+02
2.731310491561889648e+02
2.735314326286315918e+02
2.738792209625244141e+02
2.742883439064025879e+02
2.746511619091033936e+02
2.750809862613677979e+02
2.754326410293579102e+02
2.757750494480133057e+02
2.761627326011657715e+02
2.765214793682098389e+02
2.769536960124969482e+02
2.773195822238922119e+02
2.778686788082122803e+02
2.783077282905578613e+02
2.786195874214172363e+02
2.790377171039581299e+02
2.793640708923339844e+02
2.797218999862670898e+02
2.800904958248138428e+02
2.804772207736968994e+02
2.808176519870758057e+02
2.812637372016906738e+02
2.816389894485473633e+02
2.820951738357543945e+02
2.824263377189636230e+02
2.827838315963745117e+02
2.831999051570892334e+02
2.835442242622375488e+02
2.839568703174591064e+02
2.842949771881103516e+02
2.846816425323486328e+02
2.851234459877014160e+02
2.856632244586944580e+02
2.860005290508270264e+02
2.864357621669769287e+02
2.867942306995391846e+02
2.872343196868896484e+02
2.877451908588409424e+02
2.882095432281494141e+02
2.885986325740814209e+02
2.889726419448852539e+02
2.894355056285858154e+02
2.897833266258239746e+02
2.901405475139617920e+02
2.905546422004699707e+02
2.909140980243682861e+02
2.913246240615844727e+02
2.917191491127014160e+02
2.921232826709747314e+02
2.925008218288421631e+02
2.931533110141754150e+02
2.936311948299407959e+02
2.940264213085174561e+02
2.943876686096191406e+02
2.947974295616149902e+02
2.951667690277099609e+02
2.955379655361175537e+02
2.959480049610137939e+02
2.963293857574462891e+02
2.967539167404174805e+02
2.971317496299743652e+02
2.975827960968017578e+02
2.978829541206359863e+02
2.982962732315063477e+02
2.986374135017395020e+02
2.990852241516113281e+02
2.994846196174621582e+02
2.998840684890747070e+02
3.005902013778686523e+02
3.012575225830078125e+02
3.016649971008300781e+02
3.020252559185028076e+02
3.027651519775390625e+02
3.061748530864715576e+02
3.077223443984985352e+02
3.086550774574279785e+02
3.096158478260040283e+02
3.104100759029388428e+02
3.111582949161529541e+02
3.118389742374420166e+02
3.122350733280181885e+02
3.127662463188171387e+02
3.133137385845184326e+02
3.138427207469940186e+02
3.143483965396881104e+02
3.148756165504455566e+02
3.154503469467163086e+02
3.159285342693328857e+02
3.165754663944244385e+02
3.172839546203613281e+02
3.178714847564697266e+02
3.183904118537902832e+02
3.189420590400695801e+02
3.194638295173645020e+02
3.200578005313873291e+02
3.205542314052581787e+02
3.210947430133819580e+02
3.215515782833099365e+02
3.221575317382812500e+02
3.227505176067352295e+02
3.232998802661895752e+02
3.238705070018768311e+02
3.247157297134399414e+02
3.253028872013092041e+02
3.258267588615417480e+02
3.263298821449279785e+02
3.268434925079345703e+02
3.274119739532470703e+02
3.279308147430419922e+02
3.284632322788238525e+02
3.289310312271118164e+02
3.294163734912872314e+02
3.298816866874694824e+02
3.304178667068481445e+02
3.309061191082000732e+02
3.314137456417083740e+02
3.320088946819305420e+02
3.326485786437988281e+02
3.331917126178741455e+02
3.337498681545257568e+02
3.342574853897094727e+02
3.348186080455780029e+02
3.352962269783020020e+02
3.358243730068206787e+02
3.363629858493804932e+02
3.368789088726043701e+02
3.374350249767303467e+02
3.378801043033599854e+02
3.384262399673461914e+02
3.389653880596160889e+02
3.397370662689208984e+02
3.403293874263763428e+02
3.408089995384216309e+02
3.412835927009582520e+02
3.417567219734191895e+02
3.422363512516021729e+02
3.427432785034179688e+02
3.431929061412811279e+02
3.437335352897644043e+02
3.441921358108520508e+02
3.446692709922790527e+02
3.450923576354980469e+02
3.455519812107086182e+02
3.461161141395568848e+02
3.466726715564727783e+02
3.474783990383148193e+02
3.480565254688262939e+02
3.485350730419158936e+02
3.491830537319183350e+02
3.497180154323577881e+02
3.502243025302886963e+02
3.506516950130462646e+02
3.511085808277130127e+02
3.516456353664398193e+02
3.521016652584075928e+02
3.526059880256652832e+02
3.530590021610260010e+02
3.535063254833221436e+02
3.539335558414459229e+02
3.543698184490203857e+02
3.548900115489959717e+02
3.554708821773529053e+02
3.561080353260040283e+02
3.566261873245239258e+02
3.571793336868286133e+02
3.576475684642791748e+02
3.581091687679290771e+02
3.586137728691101074e+02
3.591603758335113525e+02
3.596557064056396484e+02
3.601188025474548340e+02
3.606469290256500244e+02
3.611505241394042969e+02
3.616839823722839355e+02
3.621634981632232666e+02
3.626913604736328125e+02
3.633285553455352783e+02
3.638426866531372070e+02
3.642944068908691406e+02
3.649403827190399170e+02
3.654280102252960205e+02
3.659240596294403076e+02
3.663804862499237061e+02
3.668793673515319824e+02
3.673680570125579834e+02
3.679249200820922852e+02
3.686224780082702637e+02
3.691834845542907715e+02
3.696353001594543457e+02
3.701087992191314697e+02
3.705951235294342041e+02
3.713413181304931641e+02
3.718984549045562744e+02
3.723575634956359863e+02
3.728146414756774902e+02
3.732287373542785645e+02
3.736673433780670166e+02
3.741694822311401367e+02
3.746611230373382568e+02
3.751962571144104004e+02
3.756673626899719238e+02
3.760954449176788330e+02
3.765465302467346191e+02
3.769651367664337158e+02
3.773892278671264648e+02
3.777703015804290771e+02
3.781914019584655762e+02
3.786639976501464844e+02
3.792781543731689453e+02
3.797927732467651367e+02
3.802143778800964355e+02
3.806559965610504150e+02
3.811070981025695801e+02
3.815557386875152588e+02
3.819909768104553223e+02
3.824555857181549072e+02
3.829106941223144531e+02
3.833963131904602051e+02
3.838103990554809570e+02
3.843030090332031250e+02
3.847061016559600830e+02
3.851322138309478760e+02
3.855483095645904541e+02
3.860274889469146729e+02
3.865130968093872070e+02
3.869658527374267578e+02
3.873709461688995361e+02
3.880266003608703613e+02
3.885326685905456543e+02
3.890097982883453369e+02
3.894069051742553711e+02
3.897939834594726562e+02
3.902865960597991943e+02
3.906938805580139160e+02
3.910814471244812012e+02
3.914865403175354004e+02
3.918901329040527344e+02
3.922702038288116455e+02
3.926743011474609375e+02
3.930803844928741455e+02
3.934484636783599854e+02
3.939135642051696777e+02
3.943766493797302246e+02
3.948332884311676025e+02
3.954724464416503906e+02
3.960425636768341064e+02
3.965836906433105469e+02
3.970317947864532471e+02
3.974558885097503662e+02
3.978749761581420898e+02
3.983606004714965820e+02
3.988192169666290283e+02
3.992883107662200928e+02
3.997143828868865967e+02
4.002470173835754395e+02
4.006566188335418701e+02
4.010987129211425781e+02
4.015300147533416748e+02
4.019651312828063965e+02
4.025292611122131348e+02
4.030558798313140869e+02
4.035719945430755615e+02
4.039562549591064453e+02
4.043453536033630371e+02
4.047886765003204346e+02
4.083175477981567383e+02
4.095743885040283203e+02
4.101174509525299072e+02
4.105735242366790771e+02
4.111686215400695801e+02
4.115196123123168945e+02
4.119771354198455811e+02
4.125328948497772217e+02
4.128929893970489502e+02
4.133256134986877441e+02
4.138607175350189209e+02
4.142612085342407227e+02
4.146160166263580322e+02
4.150468070507049561e+02
4.153811993598937988e+02
4.157259430885314941e+02
4.161078162193298340e+02
4.164489119052886963e+02
4.168233187198638916e+02
4.172196536064147949e+02
4.175474367141723633e+02
4.179793353080749512e+02
4.184986751079559326e+02
4.188730838298797607e+02
4.192718577384948730e+02
4.196308467388153076e+02
4.200092830657958984e+02
4.203565707206726074e+02
4.208109040260314941e+02
4.211521215438842773e+02
4.214986181259155273e+02
4.218664867877960205e+02
4.222635636329650879e+02
4.225906314849853516e+02
4.229857151508331299e+02
4.233887879848480225e+02
4.237418432235717773e+02
4.241374325752258301e+02
4.244609930515289307e+02
4.248670623302459717e+02
4.252401463985443115e+02
4.255637087821960449e+02
4.259147944450378418e+02
4.262653586864471436e+02
4.266294162273406982e+02
4.271185336112976074e+02
4.275376186370849609e+02
4.279316892623901367e+02
4.282287292480468750e+02
4.285822811126708984e+02
4.289263608455657959e+02
4.292549154758453369e+02
4.296379895210266113e+02
4.299680678844451904e+02
4.303361344337463379e+02
4.306556901931762695e+02
4.310612769126892090e+02
4.313818356990814209e+02
4.317569446563720703e+02
4.320904963016510010e+02
4.324180710315704346e+02
4.327496278285980225e+02
4.331392290592193604e+02
4.335261070728302002e+02
4.338269455432891846e+02
4.341846904754638672e+02
4.345415246486663818e+02
4.350485732555389404e+02
4.354115953445434570e+02
4.358274669647216797e+02
4.362122728824615479e+02
4.365675680637359619e+02
4.369157063961029053e+02
4.372732944488525391e+02
4.376766445636749268e+02
4.380053825378417969e+02
4.384065351486206055e+02
4.387545826435089111e+02
4.391245913505554199e+02
4.394695658683776855e+02
4.398448963165283203e+02
4.401772384643554688e+02
4.405095736980438232e+02
4.408777809143066406e+02
4.412419989109039307e+02
4.415776848793029785e+02
4.419620237350463867e+02
4.423227508068084717e+02
4.426462118625640869e+02
4.431536967754364014e+02
4.435600516796112061e+02
4.440811476707458496e+02
4.445049085617065430e+02
4.449033687114715576e+02
4.452802786827087402e+02
4.456283946037292480e+02
4.459561059474945068e+02
4.463438835144042969e+02
4.466844320297241211e+02
4.470937845706939697e+02
4.474266984462738037e+02
4.478111710548400879e+02
4.481531724929809570e+02
4.485020854473114014e+02
4.489103045463562012e+02
4.492592115402221680e+02
4.496605272293090820e+02
4.500152778625488281e+02
4.503663702011108398e+02
4.509423892498016357e+02
4.512920732498168945e+02
4.516712102890014648e+02
4.520745403766632080e+02
4.524066112041473389e+02
4.528149724006652832e+02
4.531537744998931885e+02
4.535198335647583008e+02
4.538788907527923584e+02
4.542934181690216064e+02
4.546474366188049316e+02
4.550196979045867920e+02
4.553477947711944580e+02
4.556686975955963135e+02
4.560393693447113037e+02
4.564153730869293213e+02
4.567415866851806641e+02
4.571166679859161377e+02
4.574708745479583740e+02
4.578661670684814453e+02
4.584042973518371582e+02
4.587483673095703125e+02
4.591026823520660400e+02
4.594490051269531250e+02
4.598052570819854736e+02
4.601441514492034912e+02
4.604875373840332031e+02
4.608274638652801514e+02
4.611469542980194092e+02
4.614776670932769775e+02
4.618042240142822266e+02
4.621788129806518555e+02
4.624933636188507080e+02
4.628507690429687500e+02
4.631623268127441406e+02
4.634934017658233643e+02
4.638340747356414795e+02
4.641925461292266846e+02
4.645836327075958252e+02
4.649777312278747559e+02
4.653819034099578857e+02
4.659919455051422119e+02
4.663523764610290527e+02
4.667133078575134277e+02
4.670958867073059082e+02
4.674319531917572021e+02
4.677687139511108398e+02
4.681465709209442139e+02
4.685318098068237305e+02
4.688863244056701660e+02
4.692382571697235107e+02
4.695699648857116699e+02
4.699099023342132568e+02
4.702551116943359375e+02
4.705902078151702881e+02
4.709119434356689453e+02
4.712530097961425781e+02
4.715825653076171875e+02
4.719146370887756348e+02
4.722588238716125488e+02
4.726878943443298340e+02
4.730230422019958496e+02
4.734068708419799805e+02
4.738019471168518066e+02
4.742102444171905518e+02
4.747224020957946777e+02
4.750757062435150146e+02
4.755121865272521973e+02
4.758472483158111572e+02
4.762714385986328125e+02
4.766387574672698975e+02
4.770383253097534180e+02
4.773865814208984375e+02
4.777514011859893799e+02
4.780856921672821045e+02
4.784868805408477783e+02
4.788314440250396729e+02
4.792339982986450195e+02
4.796979799270629883e+02
4.800445630550384521e+02
4.804690515995025635e+02
4.808610992431640625e+02
4.812063179016113281e+02
4.815403099060058594e+02
4.821200840473175049e+02
4.825205712318420410e+02
4.828713729381561279e+02
4.833018429279327393e+02
4.836184060573577881e+02
4.840174758434295654e+02
4.843870398998260498e+02
4.847322835922241211e+02
4.850570037364959717e+02
4.854053034782409668e+02
4.857313694953918457e+02
4.861086652278900146e+02
4.865588989257812500e+02
4.868815579414367676e+02
4.872733495235443115e+02
4.876152570247650146e+02
4.879473042488098145e+02
4.882819459438323975e+02
4.886668393611907959e+02
4.890373709201812744e+02
4.894057259559631348e+02
4.897685782909393311e+02
4.902463655471801758e+02
4.906653447151184082e+02
4.910015869140625000e+02
4.913333756923675537e+02
4.916874208450317383e+02
4.920143718719482422e+02
4.923876640796661377e+02
4.927504236698150635e+02
4.931006338596343994e+02
4.934358761310577393e+02
4.937749989032745361e+02
4.941245751380920410e+02
4.944547805786132812e+02
4.948021802902221680e+02
4.951327931880950928e+02
4.954549756050109863e+02
4.957787239551544189e+02
4.961052801609039307e+02
4.964933412075042725e+02
4.968754205703735352e+02
4.972684984207153320e+02
4.976040813922882080e+02
4.979466464519500732e+02
4.984512441158294678e+02
4.988996498584747314e+02
4.993519124984741211e+02
4.997019467353820801e+02
5.000863087177276611e+02
5.004270749092102051e+02
5.007799375057220459e+02
5.011682307720184326e+02
5.015562362670898438e+02
5.019896786212921143e+02
5.023656721115112305e+02
5.027096590995788574e+02
5.030524122714996338e+02
5.034556324481964111e+02
5.037974460124969482e+02
5.041483964920043945e+02
5.045414912700653076e+02
5.048852958679199219e+02
5.052584660053253174e+02
5.056217136383056641e+02
5.059896080493927002e+02
5.063201344013214111e+02
5.066651301383972168e+02
5.070287995338439941e+02
5.074827644824981689e+02
5.080930683612823486e+02
5.085899982452392578e+02
5.089920043945312500e+02
5.093194646835327148e+02
5.097965846061706543e+02
5.101790137290954590e+02
5.105862953662872314e+02
5.109207093715667725e+02
5.112591102123260498e+02
5.116010608673095703e+02
5.119350090026855469e+02
5.122981405258178711e+02
5.126958250999450684e+02
5.130712511539459229e+02
5.134011905193328857e+02
5.137382628917694092e+02
5.141168344020843506e+02
5.144573895931243896e+02
5.148644809722900391e+02
5.152356269359588623e+02
5.155554969310760498e+02
5.158887302875518799e+02
5.162294931411743164e+02
5.165379841327667236e+02
5.168963904380798340e+02
5.172916889190673828e+02
5.176466293334960938e+02
5.180498828887939453e+02
5.184396204948425293e+02
5.188899712562561035e+02
5.192469370365142822e+02
5.196080551147460938e+02
5.200004308223724365e+02
5.203598210811614990e+02
5.207802548408508301e+02
5.211248896121978760e+02
5.215182211399078369e+02
5.218876335620880127e+02
5.222309100627899170e+02
5.225837054252624512e+02
5.229407727718353271e+02
5.233092572689056396e+02
5.236540534496307373e+02
5.240576493740081787e+02
5.243594460487365723e+02
5.247725234031677246e+02
5.251160776615142822e+02
5.254825255870819092e+02
5.258230469226837158e+02
5.261486010551452637e+02
5.265043299198150635e+02
5.268364036083221436e+02
5.271655225753784180e+02
5.275379765033721924e+02
5.278878331184387207e+02
5.283233947753906250e+02
5.287466721534729004e+02
5.291017229557037354e+02
5.295463287830352783e+02
5.299513986110687256e+02
5.303061230182647705e+02
5.306878499984741211e+02
5.310569126605987549e+02
5.314945218563079834e+02
5.318876044750213623e+02
5.322621662616729736e+02
5.326117289066314697e+02
5.329608082771301270e+02
5.333353691101074219e+02
5.337159335613250732e+02
5.341165359020233154e+02
5.344780991077423096e+02
5.348821940422058105e+02
5.352802779674530029e+02
5.356723637580871582e+02
5.361294398307800293e+02
5.365760474205017090e+02
5.371219885349273682e+02
5.375770566463470459e+02
5.379910774230957031e+02
5.383591635227203369e+02
5.387404220104217529e+02
5.391414937973022461e+02
5.395189471244812012e+02
5.399484834671020508e+02
5.403195841312408447e+02
5.407589342594146729e+02
5.411606969833374023e+02
5.415305521488189697e+02
5.419253730773925781e+02
5.422817721366882324e+02
5.426754508018493652e+02
5.431792862415313721e+02
5.435244214534759521e+02
5.439359271526336670e+02
5.443172237873077393e+02
5.447224466800689697e+02
5.451196956634521484e+02
5.457876167297363281e+02
5.463499674797058105e+02
5.467055270671844482e+02
5.471030013561248779e+02
5.474888300895690918e+02
5.478609042167663574e+02
5.483140525817871094e+02
5.486377954483032227e+02
5.491119949817657471e+02
5.495330893993377686e+02
5.499134232997894287e+02
5.503374142646789551e+02
5.506762626171112061e+02
5.511033730506896973e+02
5.515121088027954102e+02
5.519748663902282715e+02
5.524630138874053955e+02
5.528570995330810547e+02
5.532433331012725830e+02
5.536564283370971680e+02
5.540670306682586670e+02
5.544635527133941650e+02
5.548361113071441650e+02
5.552239041328430176e+02
5.555984714031219482e+02
5.560380644798278809e+02
5.564586610794067383e+02
5.569150295257568359e+02
5.573358852863311768e+02
5.577649121284484863e+02
5.581565301418304443e+02
5.585486900806427002e+02
5.589416925907135010e+02
5.593443164825439453e+02
5.597426481246948242e+02
5.601827986240386963e+02
5.607878892421722412e+02
5.614055650234222412e+02
5.618588769435882568e+02
5.622810139656066895e+02
5.627112276554107666e+02
5.631658797264099121e+02
5.635747208595275879e+02
5.640293889045715332e+02
5.644197709560394287e+02
5.648221292495727539e+02
5.651968369483947754e+02
5.656064145565032959e+02
5.660474030971527100e+02
5.664679415225982666e+02
5.668765156269073486e+02
5.673492763042449951e+02
5.678046257495880127e+02
5.682080192565917969e+02
5.687267346382141113e+02
5.692636344432830811e+02
5.696543455123901367e+02
5.701659133434295654e+02
5.706862363815307617e+02
5.711833550930023193e+02
5.715776257514953613e+02
5.720493276119232178e+02
5.724513680934906006e+02
5.728372070789337158e+02
5.732827095985412598e+02
5.736998846530914307e+02
5.742566609382629395e+02
5.747181322574615479e+02
5.751873323917388916e+02
5.755790727138519287e+02
5.760476212501525879e+02
5.764741280078887939e+02
5.772794499397277832e+02
5.776474816799163818e+02
5.780479304790496826e+02
5.785260293483734131e+02
5.789216182231903076e+02
5.793870809078216553e+02
5.798491914272308350e+02
5.802349562644958496e+02
5.807253305912017822e+02
5.812280158996582031e+02
5.817210621833801270e+02
5.822003083229064941e+02
5.826184971332550049e+02
5.831238179206848145e+02
5.836191270351409912e+02
5.841272270679473877e+02
5.845723063945770264e+02
5.852997350692749023e+02
5.858421094417572021e+02
5.863560962677001953e+02
5.868002922534942627e+02
5.873192172050476074e+02
5.878262991905212402e+02
5.883577854633331299e+02
5.887716920375823975e+02
5.892776384353637695e+02
5.897156364917755127e+02
5.902666845321655273e+02
5.907288117408752441e+02
5.912463450431823730e+02
5.918290054798126221e+02
5.922450940608978271e+02
5.927932395935058594e+02
5.933783819675445557e+02
5.938979971408843994e+02
5.943731291294097900e+02
5.948567426204681396e+02
5.953403730392456055e+02
5.957584862709045410e+02
5.963056409358978271e+02
5.967918024063110352e+02
5.973874833583831787e+02
5.979563910961151123e+02
5.983754856586456299e+02
5.988546903133392334e+02
5.993592822551727295e+02
5.998741114139556885e+02
6.004269447326660156e+02
6.011089832782745361e+02
6.017624163627624512e+02
6.022742981910705566e+02
6.027609298229217529e+02
6.032015218734741211e+02
6.037341961860656738e+02
6.042488162517547607e+02
6.047466828823089600e+02
6.052580614089965820e+02
6.057896311283111572e+02
6.062985777854919434e+02
6.067676920890808105e+02
6.072886660099029541e+02
6.078851451873779297e+02
6.083705801963806152e+02
6.090019931793212891e+02
6.095628602504730225e+02
6.101424913406372070e+02
6.106676447391510010e+02
6.111352829933166504e+02
6.115928764343261719e+02
6.120684697628021240e+02
6.124808413982391357e+02
6.128943169116973877e+02
6.133198482990264893e+02
6.138004500865936279e+02
6.143106820583343506e+02
6.147194983959197998e+02
6.151840322017669678e+02
6.155993719100952148e+02
6.159789049625396729e+02
6.164300203323364258e+02
6.168563170433044434e+02
6.173461999893188477e+02
6.177278332710266113e+02
6.182099573612213135e+02
6.186241884231567383e+02
6.190434038639068604e+02
6.194644973278045654e+02
6.198901517391204834e+02
6.203734695911407471e+02
6.208006205558776855e+02
6.215960836410522461e+02
6.220332121849060059e+02
6.224444828033447266e+02
6.228537197113037109e+02
6.232713630199432373e+02
6.236551458835601807e+02
6.241133022308349609e+02
6.246368694305419922e+02
6.251989514827728271e+02
6.256045224666595459e+02
6.260448434352874756e+02
6.265034492015838623e+02
6.271053411960601807e+02
6.275629935264587402e+02
6.279490926265716553e+02
6.283757076263427734e+02
6.288012311458587646e+02
6.292506704330444336e+02
6.296436862945556641e+02
6.301585536003112793e+02
6.306421673297882080e+02
6.310124843120574951e+02
6.314232499599456787e+02
6.318678669929504395e+02
6.324927861690521240e+02
6.329620599746704102e+02
6.334569134712219238e+02
6.338927302360534668e+02
6.343650562763214111e+02
6.347980980873107910e+02
6.352017579078674316e+02
6.356147050857543945e+02
6.360069556236267090e+02
6.364050409793853760e+02
6.367921240329742432e+02
6.371949148178100586e+02
6.376261243820190430e+02
6.380590057373046875e+02
6.384030454158782959e+02
6.387548356056213379e+02
6.391263360977172852e+02
6.395114209651947021e+02
6.398901042938232422e+02
6.404215741157531738e+02
6.407916505336761475e+02
6.411831200122833252e+02
6.416029717922210693e+02
6.420138306617736816e+02
6.424340531826019287e+02
6.428381447792053223e+02
6.432450346946716309e+02
6.436222023963928223e+02
6.440124523639678955e+02
6.444256818294525146e+02
6.448123476505279541e+02
6.451892864704132080e+02
6.455734982490539551e+02
6.459531304836273193e+02
6.463604886531829834e+02
6.468116672039031982e+02
6.472242310047149658e+02
6.476749980449676514e+02
6.480839920043945312e+02
6.486625328063964844e+02
6.491049916744232178e+02
6.494822659492492676e+02
6.498681550025939941e+02
6.502752835750579834e+02
6.507204570770263672e+02
6.511610014438629150e+02
6.515248274803161621e+02
6.519265427589416504e+02
6.523192176818847656e+02
6.526846024990081787e+02
6.530731668472290039e+02
6.534743278026580811e+02
6.538516278266906738e+02
6.542874116897583008e+02
6.546787891387939453e+02
6.550991177558898926e+02
6.554712677001953125e+02
6.558766899108886719e+02
6.564398217201232910e+02
6.568307316303253174e+02
6.572187423706054688e+02
6.576531977653503418e+02
6.581062040328979492e+02
6.584692888259887695e+02
6.588885166645050049e+02
6.593147504329681396e+02
6.597962360382080078e+02
6.601705825328826904e+02
6.605862259864807129e+02
6.608908646106719971e+02
6.612622752189636230e+02
6.616496870517730713e+02
6.620223023891448975e+02
6.624645111560821533e+02
6.629894263744354248e+02
6.634095025062561035e+02
6.638580689430236816e+02
6.644086000919342041e+02
6.648163888454437256e+02
6.652064735889434814e+02
6.655965592861175537e+02
6.659311442375183105e+02
6.663946766853332520e+02
6.667957694530487061e+02
6.671598477363586426e+02
6.675209345817565918e+02
6.679265336990356445e+02
6.682766249179840088e+02
6.686727163791656494e+02
6.689992725849151611e+02
6.693503510951995850e+02
6.698014421463012695e+02
6.702370383739471436e+02
6.706521313190460205e+02
6.710762040615081787e+02
6.714292883872985840e+02
6.719894213676452637e+02
6.724484989643096924e+02
6.728175821304321289e+02
6.731666529178619385e+02
6.735627348423004150e+02
6.740073444843292236e+02
6.744439446926116943e+02
6.748340287208557129e+02
6.752085957527160645e+02
6.755851557254791260e+02
6.759782240390777588e+02
6.763653059005737305e+02
6.767438924312591553e+02
6.771529817581176758e+02
6.774855456352233887e+02
6.779160068035125732e+02
6.783387062549591064e+02
6.787184712886810303e+02
6.790923545360565186e+02
6.794512844085693359e+02
6.798599808216094971e+02
6.804056489467620850e+02
6.807695238590240479e+02
6.811357891559600830e+02
6.814960627555847168e+02
6.818739433288574219e+02
6.823133699893951416e+02
6.827329218387603760e+02
6.831323645114898682e+02
6.835388841629028320e+02
6.839047894477844238e+02
6.843029537200927734e+02
6.846618294715881348e+02
6.850162928104400635e+02
6.853892250061035156e+02
6.857754695415496826e+02
6.861688811779022217e+02
6.866021177768707275e+02
6.869500494003295898e+02
6.873092410564422607e+02
6.876736192703247070e+02
6.880252528190612793e+02
6.883703713417053223e+02
6.887281169891357422e+02
6.892297050952911377e+02
6.896378676891326904e+02
6.900523257255554199e+02
6.904635083675384521e+02
6.908131504058837891e+02
6.911738872528076172e+02
6.915574862957000732e+02
6.919167721271514893e+02
6.922929570674896240e+02
6.926764607429504395e+02
6.931062905788421631e+02
6.936476402282714844e+02
6.940010282993316650e+02
6.944464955329895020e+02
6.948526563644409180e+02
6.952403967380523682e+02
6.957920024394989014e+02
6.962160925865173340e+02
6.965906467437744141e+02
6.969627223014831543e+02
6.973113048076629639e+02
6.976618945598602295e+02
6.981004793643951416e+02
6.985105555057525635e+02
6.988816494941711426e+02
6.992112176418304443e+02
6.995782849788665771e+02
6.999543592929840088e+02
7.003044340610504150e+02
7.007015054225921631e+02
7.011317698955535889e+02
7.015560560226440430e+02
7.020039782524108887e+02
7.024380674362182617e+02
7.028208551406860352e+02
7.034048902988433838e+02
7.037975196838378906e+02
7.041911168098449707e+02
7.045552949905395508e+02
7.049791605472564697e+02
7.054348270893096924e+02
7.058185482025146484e+02
7.062429027557373047e+02
7.065908570289611816e+02
7.069873967170715332e+02
7.073824973106384277e+02
7.078137757778167725e+02
7.082814486026763916e+02
7.086447887420654297e+02
7.090369675159454346e+02
7.094326636791229248e+02
7.098112359046936035e+02
7.102282660007476807e+02
7.106497731208801270e+02
7.110736205577850342e+02
7.116660091876983643e+02
7.120530822277069092e+02
7.124605436325073242e+02
7.128372926712036133e+02
7.132534804344177246e+02
7.136460855007171631e+02
7.140622160434722900e+02
7.144843158721923828e+02
7.149210929870605469e+02
7.152914264202117920e+02
7.156713054180145264e+02
7.160327305793762207e+02
7.164860730171203613e+02
7.169249296188354492e+02
7.173636488914489746e+02
7.177650625705718994e+02
7.181788876056671143e+02
7.185821270942687988e+02
7.189797763824462891e+02
7.194642755985260010e+02
7.199944717884063721e+02
7.203563284873962402e+02
7.207978603839874268e+02
7.212050914764404297e+02
7.216050989627838135e+02
7.219931979179382324e+02
7.224102807044982910e+02
7.228380887508392334e+02
7.232933340072631836e+02
7.237468826770782471e+02
7.241643643379211426e+02
7.245600881576538086e+02
7.249599552154541016e+02
7.253350548744201660e+02
7.257105629444122314e+02
7.261483011245727539e+02
7.265265736579895020e+02
7.269618511199951172e+02
7.274100770950317383e+02
7.278175139427185059e+02
7.282396099567413330e+02
7.286318774223327637e+02
7.291347274780273438e+02
7.295183243751525879e+02
7.299853568077087402e+02
7.304707865715026855e+02
7.308510792255401611e+02
7.313312208652496338e+02
7.317975659370422363e+02
7.322486920356750488e+02
7.326537742614746094e+02
7.330600535869598389e+02
7.334309082031250000e+02
7.338391993045806885e+02
7.343070008754730225e+02
7.348049404621124268e+02
7.352540242671966553e+02
7.357129597663879395e+02
7.361874244213104248e+02
7.365970163345336914e+02
7.370191047191619873e+02
7.374636733531951904e+02
7.378839557170867920e+02
7.383435719013214111e+02
7.387938075065612793e+02
7.393104147911071777e+02
7.398877370357513428e+02
7.404015753269195557e+02
7.408886780738830566e+02
7.413572721481323242e+02
7.418747725486755371e+02
7.423980476856231689e+02
7.429967005252838135e+02
7.436577751636505127e+02
7.441206531524658203e+02
7.445299763679504395e+02
7.449740653038024902e+02
7.454108290672302246e+02
7.459839935302734375e+02
7.465466847419738770e+02
7.469736785888671875e+02
7.473985164165496826e+02
7.478077862262725830e+02
7.482646379470825195e+02
7.487159466743469238e+02
7.492698066234588623e+02
7.497764248847961426e+02
7.503597702980041504e+02
7.508830785751342773e+02
7.513436348438262939e+02
7.517988245487213135e+02
7.522613337039947510e+02
7.526996972560882568e+02
7.531381280422210693e+02
7.536781673431396484e+02
7.542103130817413330e+02
7.546416752338409424e+02
7.550620102882385254e+02
7.555559253692626953e+02
7.559730403423309326e+02
7.564081382751464844e+02
7.569347841739654541e+02
7.574853999614715576e+02
7.580064880847930908e+02
7.585711202621459961e+02
7.592614233493804932e+02
7.597025265693664551e+02
7.601336379051208496e+02
7.607066109180450439e+02
7.612342143058776855e+02
7.617275557518005371e+02
7.623481853008270264e+02
7.628718075752258301e+02
7.633020849227905273e+02
7.637024269104003906e+02
7.641208128929138184e+02
7.646278109550476074e+02
7.650154120922088623e+02
7.656062123775482178e+02
7.661336109638214111e+02
7.665666856765747070e+02
7.669955174922943115e+02
7.674792780876159668e+02
7.679295651912689209e+02
7.683831639289855957e+02
7.688939354419708252e+02
7.694055504798889160e+02
7.699311757087707520e+02
7.702779448032379150e+02
7.707377071380615234e+02
7.712283215522766113e+02
7.717145998477935791e+02
7.723330800533294678e+02
7.729000251293182373e+02
7.733305654525756836e+02
7.738352265357971191e+02
7.743421182632446289e+02
7.750745322704315186e+02
7.756378874778747559e+02
7.761330327987670898e+02
7.766018922328948975e+02
7.771724591255187988e+02
7.777210786342620850e+02
7.782606859207153320e+02
7.787752945423126221e+02
7.793306670188903809e+02
7.797597224712371826e+02
7.804456338882446289e+02
7.810425720214843750e+02
7.815793578624725342e+02
7.821049566268920898e+02
7.826196303367614746e+02
7.831576521396636963e+02
7.836126410961151123e+02
7.841874666213989258e+02
7.847835838794708252e+02
7.853145561218261719e+02
7.858786094188690186e+02
7.864054369926452637e+02
7.869430363178253174e+02
7.875015447139739990e+02
7.880474762916564941e+02
7.885338883399963379e+02
7.890938820838928223e+02
7.896960237026214600e+02
7.902494838237762451e+02
7.910211050510406494e+02
7.916800146102905273e+02
7.922744579315185547e+02
7.928258712291717529e+02
7.933337926864624023e+02
7.939290084838867188e+02
7.945791039466857910e+02
7.953542761802673340e+02
7.959676089286804199e+02
7.965879714488983154e+02
7.971882882118225098e+02
7.977069022655487061e+02
7.982418167591094971e+02
7.988769776821136475e+02
7.994288547039031982e+02
7.999719214439392090e+02
8.007629866600036621e+02
8.014160532951354980e+02
8.020262033939361572e+02
8.026084101200103760e+02
8.031772279739379883e+02
8.037665984630584717e+02
8.043032202720642090e+02
8.049205965995788574e+02
8.054567236900329590e+02
8.060170450210571289e+02
8.067801826000213623e+02
8.073565585613250732e+02
8.078521842956542969e+02
8.085002067089080811e+02
8.091615328788757324e+02
8.096730494499206543e+02
8.101856718063354492e+02
8.107672629356384277e+02
8.112747316360473633e+02
8.117154173851013184e+02
8.121847171783447266e+02
8.127421467304229736e+02
8.133123111724853516e+02
8.137906119823455811e+02
8.143481245040893555e+02
8.148137686252593994e+02
8.152713375091552734e+02
8.157112421989440918e+02
8.161518859863281250e+02
8.168317327499389648e+02
8.174082643985748291e+02
8.178726389408111572e+02
8.184134881496429443e+02
8.188421258926391602e+02
8.193137588500976562e+02
8.199242439270019531e+02
8.205218141078948975e+02
8.210242013931274414e+02
8.214839770793914795e+02
8.220048806667327881e+02
8.224289340972900391e+02
8.228985788822174072e+02
8.234123406410217285e+02
8.239525675773620605e+02
8.244839565753936768e+02
8.249823842048645020e+02
8.254701898097991943e+02
8.259664607048034668e+02
8.263116357326507568e+02
8.268153698444366455e+02
8.272457151412963867e+02
8.277139456272125244e+02
8.282581689357757568e+02
8.288697068691253662e+02
8.293455741405487061e+02
8.297893972396850586e+02
8.304012417793273926e+02
8.309463860988616943e+02
8.314009747505187988e+02
8.319704933166503906e+02
8.323827157020568848e+02
8.329268479347229004e+02
8.333028771877288818e+02
8.337511646747589111e+02
8.341739399433135986e+02
8.348993403911590576e+02
8.353532552719116211e+02
